-10 0 1.44873e-22 1.44873e-22 -0
-9.84252 0 6.91085e-22 6.91085e-22 -0
-9.68504 0 3.21591e-21 3.21591e-21 -0
-9.52756 0 1.45984e-20 1.45984e-20 -0
-9.37008 0 6.46454e-20 6.46454e-20 -0
-9.2126 0 2.79253e-19 2.79253e-19 -0
-9.05512 0 1.17676e-18 1.17676e-18 -0
-8.89764 0 4.83736e-18 4.83736e-18 -0
-8.74016 0 1.93981e-17 1.93981e-17 -0
-8.58268 0 7.58817e-17 7.58817e-17 -0
-8.4252 0 2.89565e-16 2.89565e-16 -0
-8.26772 0 1.07791e-15 1.07791e-15 -0
-8.11024 0 3.91427e-15 3.91427e-15 -0
-7.95276 0 1.38659e-14 1.38659e-14 -0
-7.79528 0 4.79152e-14 4.79152e-14 -0
-7.6378 0 1.61521e-13 1.61521e-13 -0
-7.48031 0 5.31147e-13 5.31147e-13 -0
-7.32283 0 1.70384e-12 1.70384e-12 -0
-7.16535 0 5.33179e-12 5.33179e-12 -0
-7.00787 0 1.6276e-11 1.6276e-11 -0
-6.85039 0 4.84674e-11 4.84674e-11 -0
-6.69291 0 1.40793e-10 1.40793e-10 -0
-6.53543 0 3.98974e-10 3.98974e-10 -0
-6.37795 0 1.1029e-09 1.1029e-09 -0
-6.22047 0 2.97411e-09 2.97411e-09 -0
-6.06299 0 7.82361e-09 7.82361e-09 -0
-5.90551 0 2.00765e-08 2.00765e-08 -0
-5.74803 0 5.0257e-08 5.0257e-08 -0
-5.59055 0 1.22726e-07 1.22726e-07 -0
-5.43307 0 2.92351e-07 2.92351e-07 -0
-5.27559 0 6.79363e-07 6.79363e-07 -0
-5.11811 0 1.54003e-06 1.54003e-06 -0
-4.96063 0 3.40554e-06 3.40554e-06 -0
-4.80315 0 7.34636e-06 7.34636e-06 -0
-4.64567 0 1.54592e-05 1.54592e-05 -0
-4.48819 0 3.17346e-05 3.17346e-05 -0
-4.33071 0 6.35489e-05 6.35489e-05 -0
-4.17323 0 0.00012414 0.00012414 -0
-4.01575 0 0.000236562 0.000236562 -0
-3.85827 0 0.000439753 0.000439753 -0
-3.70079 0 0.000797446 0.000797446 -0
-3.54331 0 0.00141066 0.00141066 -0
-3.38583 0 0.00243431 0.00243431 -0
-3.22835 0 0.00409785 0.00409785 -0
-3.07087 0 0.00672925 0.00672925 -0
-2.91339 0 0.0107797 0.0107797 -0
-2.75591 0 0.0168452 0.0168452 -0
-2.59843 0 0.0256788 0.0256788 -0
-2.44094 0 0.0381859 0.0381859 -0
-2.28346 0 0.0553938 0.0553938 -0
-2.12598 0 0.0783878 0.0783878 -0
-1.9685 0 0.108209 0.108209 -0
-1.81102 0 0.145717 0.145717 -0
-1.65354 0 0.19142 0.19142 -0
-1.49606 0 0.245297 0.245297 -0
-1.33858 0 0.306639 0.306639 -0
-1.1811 0 0.373931 0.373931 -0
-1.02362 0 0.444821 0.444821 -0
-0.866142 0 0.516189 0.516189 -0
-0.708661 0 0.584334 0.584334 -0
-0.551181 0 0.645272 0.645272 -0
-0.393701 0 0.695112 0.695112 -0
-0.23622 0 0.730459 0.730459 -0
-0.0787402 0 0.748801 0.748801 -0
0.0787402 0 0.748801 0.748801 0
0.23622 0 0.730459 0.730459 0
0.393701 0 0.695112 0.695112 0
0.551181 0 0.645272 0.645272 0
0.708661 0 0.584334 0.584334 0
0.866142 0 0.516189 0.516189 0
1.02362 0 0.444821 0.444821 0
1.1811 0 0.373931 0.373931 0
1.33858 0 0.306639 0.306639 0
1.49606 0 0.245297 0.245297 0
1.65354 0 0.19142 0.19142 0
1.81102 0 0.145717 0.145717 0
1.9685 0 0.108209 0.108209 0
2.12598 0 0.0783878 0.0783878 0
2.28346 0 0.0553938 0.0553938 0
2.44094 0 0.0381859 0.0381859 0
2.59843 0 0.0256788 0.0256788 0
2.75591 0 0.0168452 0.0168452 0
2.91339 0 0.0107797 0.0107797 0
3.07087 0 0.00672925 0.00672925 0
3.22835 0 0.00409785 0.00409785 0
3.38583 0 0.00243431 0.00243431 0
3.54331 0 0.00141066 0.00141066 0
3.70079 0 0.000797446 0.000797446 0
3.85827 0 0.000439753 0.000439753 0
4.01575 0 0.000236562 0.000236562 0
4.17323 0 0.00012414 0.00012414 0
4.33071 0 6.35489e-05 6.35489e-05 0
4.48819 0 3.17346e-05 3.17346e-05 0
4.64567 0 1.54592e-05 1.54592e-05 0
4.80315 0 7.34636e-06 7.34636e-06 0
4.96063 0 3.40554e-06 3.40554e-06 0
5.11811 0 1.54003e-06 1.54003e-06 0
5.27559 0 6.79363e-07 6.79363e-07 0
5.43307 0 2.92351e-07 2.92351e-07 0
5.59055 0 1.22726e-07 1.22726e-07 0
5.74803 0 5.0257e-08 5.0257e-08 0
5.90551 0 2.00765e-08 2.00765e-08 0
6.06299 0 7.82361e-09 7.82361e-09 0
6.22047 0 2.97411e-09 2.97411e-09 0
6.37795 0 1.1029e-09 1.1029e-09 0
6.53543 0 3.98974e-10 3.98974e-10 0
6.69291 0 1.40793e-10 1.40793e-10 0
6.85039 0 4.84674e-11 4.84674e-11 0
7.00787 0 1.6276e-11 1.6276e-11 0
7.16535 0 5.33179e-12 5.33179e-12 0
7.32283 0 1.70384e-12 1.70384e-12 0
7.48031 0 5.31147e-13 5.31147e-13 0
7.6378 0 1.61521e-13 1.61521e-13 0
7.79528 0 4.79152e-14 4.79152e-14 0
7.95276 0 1.38659e-14 1.38659e-14 0
8.11024 0 3.91427e-15 3.91427e-15 0
8.26772 0 1.07791e-15 1.07791e-15 0
8.4252 0 2.89565e-16 2.89565e-16 0
8.58268 0 7.58817e-17 7.58817e-17 0
8.74016 0 1.93981e-17 1.93981e-17 0
8.89764 0 4.83736e-18 4.83736e-18 0
9.05512 0 1.17676e-18 1.17676e-18 0
9.2126 0 2.79253e-19 2.79253e-19 0
9.37008 0 6.46454e-20 6.46454e-20 0
9.52756 0 1.45984e-20 1.45984e-20 0
9.68504 0 3.21591e-21 3.21591e-21 0
9.84252 0 6.91085e-22 6.91085e-22 0
10 0 1.44873e-22 1.44873e-22 0

-10 1 1.44873e-22 1.44873e-22 0
-9.84252 1 6.57145e-05 5.478e-05 3.62981e-05
-9.68504 1 9.59057e-05 9.13656e-05 2.91585e-05
-9.52756 1 9.44373e-05 8.84412e-05 -3.31141e-05
-9.37008 1 0.000120736 2.8422e-05 -0.000117343
-9.2126 1 0.000181224 -8.57173e-05 -0.00015967
-9.05512 1 0.000238063 -0.000215501 -0.000101159
-8.89764 1 0.000298597 -0.000289565 7.2885e-05
-8.74016 1 0.000387188 -0.000231011 0.000310722
-8.58268 1 0.000502989 -7.22217e-07 0.000502988
-8.4252 1 0.000637507 0.000365156 0.000522567
-8.26772 1 0.000797697 0.000746502 0.000281168
-8.11024 1 0.000994752 0.000970026 -0.000220413
-7.95276 1 0.00123169 0.000871351 -0.000870517
-7.79528 1 0.00150992 0.000364539 -0.00146526
-7.6378 1 0.00183615 -0.0005091 -0.00176416
-7.48031 1 0.00221879 -0.00157273 -0.00156511
-7.32283 1 0.00266465 -0.00254987 -0.000773613
-7.16535 1 0.00318115 -0.00313213 0.000556329
-7.00787 1 0.00377868 -0.00305658 0.00222166
-6.85039 1 0.00447009 -0.00217061 0.00390771
-6.69291 1 0.00527052 -0.000468611 0.00524964
-6.53543 1 0.00619867 0.00190392 0.00589903
-6.37795 1 0.00727813 0.00467339 0.00557948
-6.22047 1 0.008538 0.00747663 0.00412279
-6.06299 1 0.0100135 0.00990267 0.00148566
-5.90551 1 0.0117466 0.0115297 -0.00224729
-5.74803 1 0.0137867 0.0119551 -0.00686663
-5.59055 1 0.0161903 0.0108219 -0.012042
-5.43307 1 0.0190205 0.00784699 -0.0173264
-5.27559 1 0.0223472 0.00285424 -0.0221642
-5.11811 1 0.0262453 -0.00418617 -0.0259093
-4.96063 1 0.0307941 -0.0131185 -0.02786
-4.80315 1 0.036076 -0.0235695 -0.0273122
-4.64567 1 0.0421751 -0.034935 -0.0236281
-4.48819 1 0.0491756 -0.0463904 -0.0163145
-4.33071 1 0.0571601 -0.0569323 -0.00509803
-4.17323 1 0.066208 -0.0654462 0.010015
-4.01575 1 0.0763936 -0.0707962 0.0287032
-3.85827 1 0.0877835 -0.0719239 0.0503279
-3.70079 1 0.100435 -0.0679446 0.0739645
-3.54331 1 0.114394 -0.0582289 0.0984649
-3.38583 1 0.12969 -0.0424587 0.122543
-3.22835 1 0.146339 -0.0206543 0.144874
-3.07087 1 0.164333 0.00683184 0.164191
-2.91339 1 0.183645 0.0393489 0.17938
-2.75591 1 0.204219 0.0760051 0.189549
-2.59843 1 0.225973 0.11574 0.194082
-2.44094 1 0.24879 0.157404 0.192667
-2.28346 1 0.272522 0.199833 0.185298
-2.12598 1 0.296982 0.241921 0.172257
-1.9685 1 0.321942 0.282673 0.154087
-1.81102 1 0.347138 0.321249 0.131543
-1.65354 1 0.372262 0.356986 0.105547
-1.49606 1 0.396972 0.389405 0.0771386
-1.33858 1 0.420892 0.418212 0.0474199
-1.1811 1 0.44362 0.443274 0.0175151
-1.02362 1 0.464738 0.464596 -0.0114736
-0.866142 1 0.483827 0.482292 -0.0385018
-0.708661 1 0.500479 0.496547 -0.0626143
-0.551181 1 0.514317 0.50758 -0.082973
-0.393701 1 0.52501 0.515615 -0.0988788
-0.23622 1 0.532295 0.52085 -0.109791
-0.0787402 1 0.535986 0.523428 -0.11534
0.0787402 1 0.535986 0.523428 -0.11534
0.23622 1 0.532295 0.52085 -0.109791
0.393701 1 0.52501 0.515615 -0.0988788
0.551181 1 0.514317 0.50758 -0.082973
0.708661 1 0.500479 0.496547 -0.0626143
0.866142 1 0.483827 0.482292 -0.0385018
1.02362 1 0.464738 0.464596 -0.0114736
1.1811 1 0.44362 0.443274 0.0175151
1.33858 1 0.420892 0.418212 0.0474199
1.49606 1 0.396972 0.389405 0.0771386
1.65354 1 0.372262 0.356986 0.105547
1.81102 1 0.347138 0.321249 0.131543
1.9685 1 0.321942 0.282673 0.154087
2.12598 1 0.296982 0.241921 0.172257
2.28346 1 0.272522 0.199833 0.185298
2.44094 1 0.24879 0.157404 0.192667
2.59843 1 0.225973 0.11574 0.194082
2.75591 1 0.204219 0.0760051 0.189549
2.91339 1 0.183645 0.0393489 0.17938
3.07087 1 0.164333 0.00683184 0.164191
3.22835 1 0.146339 -0.0206543 0.144874
3.38583 1 0.12969 -0.0424587 0.122543
3.54331 1 0.114394 -0.0582289 0.0984649
3.70079 1 0.100435 -0.0679446 0.0739645
3.85827 1 0.0877835 -0.0719239 0.0503279
4.01575 1 0.0763936 -0.0707962 0.0287032
4.17323 1 0.066208 -0.0654462 0.010015
4.33071 1 0.0571601 -0.0569323 -0.00509803
4.48819 1 0.0491756 -0.0463904 -0.0163145
4.64567 1 0.0421751 -0.034935 -0.0236281
4.80315 1 0.036076 -0.0235695 -0.0273122
4.96063 1 0.0307941 -0.0131185 -0.02786
5.11811 1 0.0262453 -0.00418617 -0.0259093
5.27559 1 0.0223472 0.00285424 -0.0221642
5.43307 1 0.0190205 0.00784699 -0.0173264
5.59055 1 0.0161903 0.0108219 -0.012042
5.74803 1 0.0137867 0.0119551 -0.00686663
5.90551 1 0.0117466 0.0115297 -0.00224729
6.06299 1 0.0100135 0.00990267 0.00148566
6.22047 1 0.008538 0.00747663 0.00412279
6.37795 1 0.00727813 0.00467339 0.00557948
6.53543 1 0.00619867 0.00190392 0.00589903
6.69291 1 0.00527052 -0.000468611 0.00524964
6.85039 1 0.00447009 -0.00217061 0.00390771
7.00787 1 0.00377868 -0.00305658 0.00222166
7.16535 1 0.00318115 -0.00313213 0.000556329
7.32283 1 0.00266465 -0.00254987 -0.000773613
7.48031 1 0.00221879 -0.00157273 -0.00156511
7.6378 1 0.00183615 -0.0005091 -0.00176416
7.79528 1 0.00150992 0.000364539 -0.00146526
7.95276 1 0.00123169 0.000871351 -0.000870517
8.11024 1 0.000994752 0.000970026 -0.000220413
8.26772 1 0.000797697 0.000746502 0.000281168
8.4252 1 0.000637507 0.000365156 0.000522567
8.58268 1 0.000502989 -7.22217e-07 0.000502988
8.74016 1 0.000387188 -0.000231011 0.000310722
8.89764 1 0.000298597 -0.000289565 7.2885e-05
9.05512 1 0.000238063 -0.000215501 -0.000101159
9.2126 1 0.000181224 -8.57173e-05 -0.00015967
9.37008 1 0.000120736 2.8422e-05 -0.000117343
9.52756 1 9.44373e-05 8.84412e-05 -3.31141e-05
9.68504 1 9.59057e-05 9.13656e-05 2.91585e-05
9.84252 1 6.57145e-05 5.478e-05 3.62981e-05
10 1 1.44873e-22 1.44873e-22 0

-10 2 1.44873e-22 1.44873e-22 0
-9.84252 2 0.00685534 -0.00647977 -0.00223789
-9.68504 2 0.0130129 -0.01244 -0.00381883
-9.52756 2 0.0178784 -0.0173801 -0.00419169
-9.37008 2 0.0210561 -0.0208411 -0.00300095
-9.2126 2 0.022434 -0.0224336 -0.000147144
-9.05512 2 0.022268 -0.0218702 0.00419014
-8.89764 2 0.0212757 -0.0190025 0.00956879
-8.74016 2 0.0206665 -0.0138532 0.0153359
-8.58268 2 0.0217453 -0.00664168 0.0207062
-8.4252 2 0.0249527 0.00220876 0.0248548
-8.26772 2 0.0295925 0.0120837 0.027013
-8.11024 2 0.0346234 0.0222151 0.0265568
-7.95276 2 0.0392452 0.0317415 0.0230796
-7.79528 2 0.0430478 0.0397833 0.0164438
-7.6378 2 0.0460322 0.0455257 0.00681033
-7.48031 2 0.0485904 0.048294 -0.00535824
-7.32283 2 0.0513846 0.0476143 -0.0193197
-7.16535 2 0.0550743 0.0432475 -0.0341002
-7.00787 2 0.0599804 0.035198 -0.048567
-6.85039 2 0.0659276 0.023698 -0.0615211
-6.69291 2 0.0723886 0.00917672 -0.0718046
-6.53543 2 0.0787928 -0.00777622 -0.0784081
-6.37795 2 0.0847963 -0.0264445 -0.0805674
-6.22047 2 0.0904146 -0.0460121 -0.0778312
-6.06299 2 0.0959903 -0.0655842 -0.0700918
-5.90551 2 0.102008 -0.0842096 -0.0575705
-5.74803 2 0.108835 -0.100912 -0.0407651
-5.59055 2 0.116531 -0.114736 -0.0203705
-5.43307 2 0.124845 -0.124814 0.00280833
-5.27559 2 0.133389 -0.130432 0.0279305
-5.11811 2 0.141857 -0.131107 0.0541693
-4.96063 2 0.150171 -0.126624 0.0807317
-4.80315 2 0.158493 -0.117055 0.106856
-4.64567 2 0.167104 -0.102723 0.131801
-4.48819 2 0.176229 -0.0841436 0.154844
-4.33071 2 0.185916 -0.0619375 0.175295
-4.17323 2 0.19602 -0.0367596 0.192543
-4.01575 2 0.206308 -0.00924392 0.2061
-3.85827 2 0.216584 0.0200163 0.215657
-3.70079 2 0.226787 0.0504607 0.221102
-3.54331 2 0.236986 0.0815408 0.222516
-3.38583 2 0.247304 0.112704 0.22013
-3.22835 2 0.257823 0.143398 0.214266
-3.07087 2 0.268521 0.173094 0.205284
-2.91339 2 0.279277 0.201334 0.193547
-2.75591 2 0.289938 0.227763 0.179409
-2.59843 2 0.300382 0.252156 0.163238
-2.44094 2 0.31056 0.274405 0.145428
-2.28346 2 0.320477 0.294492 0.126412
-2.12598 2 0.330148 0.312448 0.106647
-1.9685 2 0.339551 0.328323 0.086595
-1.81102 2 0.348611 0.342174 0.0666821
-1.65354 2 0.357218 0.354075 0.0472812
-1.49606 2 0.365266 0.364136 0.0287021
-1.33858 2 0.372678 0.37251 0.0112034
-1.1811 2 0.379414 0.379381 -0.00498787
-1.02362 2 0.385448 0.384946 -0.0196585
-0.866142 2 0.390749 0.389386 -0.0326037
-0.708661 2 0.395267 0.392851 -0.0436349
-0.551181 2 0.398943 0.395461 -0.0525961
-0.393701 2 0.401726 0.397314 -0.0593776
-0.23622 2 0.403587 0.398494 -0.0639174
-0.0787402 2 0.404518 0.399066 -0.0661903
0.0787402 2 0.404518 0.399066 -0.0661903
0.23622 2 0.403587 0.398494 -0.0639174
0.393701 2 0.401726 0.397314 -0.0593776
0.551181 2 0.398943 0.395461 -0.0525961
0.708661 2 0.395267 0.392851 -0.0436349
0.866142 2 0.390749 0.389386 -0.0326037
1.02362 2 0.385448 0.384946 -0.0196585
1.1811 2 0.379414 0.379381 -0.00498787
1.33858 2 0.372678 0.37251 0.0112034
1.49606 2 0.365266 0.364136 0.0287021
1.65354 2 0.357218 0.354075 0.0472812
1.81102 2 0.348611 0.342174 0.0666821
1.9685 2 0.339551 0.328323 0.086595
2.12598 2 0.330148 0.312448 0.106647
2.28346 2 0.320477 0.294492 0.126412
2.44094 2 0.31056 0.274405 0.145428
2.59843 2 0.300382 0.252156 0.163238
2.75591 2 0.289938 0.227763 0.179409
2.91339 2 0.279277 0.201334 0.193547
3.07087 2 0.268521 0.173094 0.205284
3.22835 2 0.257823 0.143398 0.214266
3.38583 2 0.247304 0.112704 0.22013
3.54331 2 0.236986 0.0815408 0.222516
3.70079 2 0.226787 0.0504607 0.221102
3.85827 2 0.216584 0.0200163 0.215657
4.01575 2 0.206308 -0.00924392 0.2061
4.17323 2 0.19602 -0.0367596 0.192543
4.33071 2 0.185916 -0.0619375 0.175295
4.48819 2 0.176229 -0.0841436 0.154844
4.64567 2 0.167104 -0.102723 0.131801
4.80315 2 0.158493 -0.117055 0.106856
4.96063 2 0.150171 -0.126624 0.0807317
5.11811 2 0.141857 -0.131107 0.0541693
5.27559 2 0.133389 -0.130432 0.0279305
5.43307 2 0.124845 -0.124814 0.00280833
5.59055 2 0.116531 -0.114736 -0.0203705
5.74803 2 0.108835 -0.100912 -0.0407651
5.90551 2 0.102008 -0.0842096 -0.0575705
6.06299 2 0.0959903 -0.0655842 -0.0700918
6.22047 2 0.0904146 -0.0460121 -0.0778312
6.37795 2 0.0847963 -0.0264445 -0.0805674
6.53543 2 0.0787928 -0.00777622 -0.0784081
6.69291 2 0.0723886 0.00917672 -0.0718046
6.85039 2 0.0659276 0.023698 -0.0615211
7.00787 2 0.0599804 0.035198 -0.048567
7.16535 2 0.0550743 0.0432475 -0.0341002
7.32283 2 0.0513846 0.0476143 -0.0193197
7.48031 2 0.0485904 0.048294 -0.00535824
7.6378 2 0.0460322 0.0455257 0.00681033
7.79528 2 0.0430478 0.0397833 0.0164438
7.95276 2 0.0392452 0.0317415 0.0230796
8.11024 2 0.0346234 0.0222151 0.0265568
8.26772 2 0.0295925 0.0120837 0.027013
8.4252 2 0.0249527 0.00220876 0.0248548
8.58268 2 0.0217453 -0.00664168 0.0207062
8.74016 2 0.0206665 -0.0138532 0.0153359
8.89764 2 0.0212757 -0.0190025 0.00956879
9.05512 2 0.022268 -0.0218702 0.00419014
9.2126 2 0.022434 -0.0224336 -0.000147144
9.37008 2 0.0210561 -0.0208411 -0.00300095
9.52756 2 0.0178784 -0.0173801 -0.00419169
9.68504 2 0.0130129 -0.01244 -0.00381883
9.84252 2 0.00685534 -0.00647977 -0.00223789
10 2 1.44873e-22 1.44873e-22 0

-10 3 1.44873e-22 1.44873e-22 0
-9.84252 3 0.0278004 0.0277396 0.00183789
-9.68504 3 0.0538785 0.0537863 0.00315145
-9.52756 3 0.0766306 0.0765526 0.00345735
-9.37008 3 0.09469 0.0946609 0.00234726
-9.2126 3 0.107042 0.107041 -0.000487815
-9.05512 3 0.11313 0.113009 -0.00524027
-8.89764 3 0.112941 0.112305 -0.0119703
-8.74016 3 0.107098 0.1051 -0.0205885
-8.58268 3 0.0969826 0.0919491 -0.0308382
-8.4252 3 0.0849918 0.0737267 -0.0422846
-8.26772 3 0.0748841 0.051546 -0.0543198
-8.11024 3 0.0713614 0.0266731 -0.0661891
-7.95276 3 0.0770405 0.000440022 -0.0770393
-7.79528 3 0.0897831 -0.0258462 -0.0859825
-7.6378 3 0.105333 -0.050996 -0.0921657
-7.48031 3 0.120304 -0.0740195 -0.0948376
-7.32283 3 0.132646 -0.0941842 -0.0934037
-7.16535 3 0.141351 -0.111035 -0.087471
-7.00787 3 0.146216 -0.124373 -0.0768803
-6.85039 3 0.147719 -0.134203 -0.061729
-6.69291 3 0.146914 -0.140668 -0.0423828
-6.53543 3 0.145297 -0.143987 -0.0194693
-6.37795 3 0.144538 -0.144406 0.00615458
-6.22047 3 0.146057 -0.142171 0.0334648
-6.06299 3 0.150567 -0.137497 0.06136
-5.90551 3 0.157872 -0.130555 0.0887631
-5.74803 3 0.167067 -0.121456 0.114717
-5.59055 3 0.17698 -0.110244 0.138449
-5.43307 3 0.186548 -0.0969017 0.159406
-5.27559 3 0.195035 -0.081387 0.177242
-5.11811 3 0.202089 -0.0636775 0.191794
-4.96063 3 0.207719 -0.0438298 0.203042
-4.80315 3 0.212228 -0.022027 0.211082
-4.64567 3 0.216102 0.00140171 0.216097
-4.48819 3 0.219892 0.0259968 0.21835
-4.33071 3 0.224085 0.051219 0.218153
-4.17323 3 0.229002 0.0765177 0.215841
-4.01575 3 0.234759 0.101397 0.211732
-3.85827 3 0.241273 0.125458 0.206089
-3.70079 3 0.248321 0.148412 0.199091
-3.54331 3 0.25561 0.17006 0.19083
-3.38583 3 0.262837 0.190264 0.181336
-3.22835 3 0.269735 0.208916 0.17062
-3.07087 3 0.276107 0.225923 0.158725
-2.91339 3 0.281844 0.24122 0.145769
-2.75591 3 0.286932 0.25479 0.131955
-2.59843 3 0.291452 0.266691 0.11756
-2.44094 3 0.295558 0.277068 0.102898
-2.28346 3 0.299451 0.286145 0.0882735
-2.12598 3 0.303331 0.294181 0.0739429
-1.9685 3 0.307357 0.301424 0.0600975
-1.81102 3 0.311602 0.308057 0.0468688
-1.65354 3 0.31603 0.314158 0.0343524
-1.49606 3 0.320497 0.319696 0.0226381
-1.33858 3 0.324774 0.324558 0.0118314
-1.1811 3 0.328603 0.328596 0.00205848
-1.02362 3 0.331754 0.331689 -0.00654836
-0.866142 3 0.334086 0.333798 -0.0138771
-0.708661 3 0.335582 0.334994 -0.0198633
-0.551181 3 0.336352 0.335458 -0.0245048
-0.393701 3 0.336604 0.335449 -0.0278581
-0.23622 3 0.336585 0.335244 -0.0300145
-0.0787402 3 0.336512 0.335075 -0.0310647
0.0787402 3 0.336512 0.335075 -0.0310647
0.23622 3 0.336585 0.335244 -0.0300145
0.393701 3 0.336604 0.335449 -0.0278581
0.551181 3 0.336352 0.335458 -0.0245048
0.708661 3 0.335582 0.334994 -0.0198633
0.866142 3 0.334086 0.333798 -0.0138771
1.02362 3 0.331754 0.331689 -0.00654836
1.1811 3 0.328603 0.328596 0.00205848
1.33858 3 0.324774 0.324558 0.0118314
1.49606 3 0.320497 0.319696 0.0226381
1.65354 3 0.31603 0.314158 0.0343524
1.81102 3 0.311602 0.308057 0.0468688
1.9685 3 0.307357 0.301424 0.0600975
2.12598 3 0.303331 0.294181 0.0739429
2.28346 3 0.299451 0.286145 0.0882735
2.44094 3 0.295558 0.277068 0.102898
2.59843 3 0.291452 0.266691 0.11756
2.75591 3 0.286932 0.25479 0.131955
2.91339 3 0.281844 0.24122 0.145769
3.07087 3 0.276107 0.225923 0.158725
3.22835 3 0.269735 0.208916 0.17062
3.38583 3 0.262837 0.190264 0.181336
3.54331 3 0.25561 0.17006 0.19083
3.70079 3 0.248321 0.148412 0.199091
3.85827 3 0.241273 0.125458 0.206089
4.01575 3 0.234759 0.101397 0.211732
4.17323 3 0.229002 0.0765177 0.215841
4.33071 3 0.224085 0.051219 0.218153
4.48819 3 0.219892 0.0259968 0.21835
4.64567 3 0.216102 0.00140171 0.216097
4.80315 3 0.212228 -0.022027 0.211082
4.96063 3 0.207719 -0.0438298 0.203042
5.11811 3 0.202089 -0.0636775 0.191794
5.27559 3 0.195035 -0.081387 0.177242
5.43307 3 0.186548 -0.0969017 0.159406
5.59055 3 0.17698 -0.110244 0.138449
5.74803 3 0.167067 -0.121456 0.114717
5.90551 3 0.157872 -0.130555 0.0887631
6.06299 3 0.150567 -0.137497 0.06136
6.22047 3 0.146057 -0.142171 0.0334648
6.37795 3 0.144538 -0.144406 0.00615458
6.53543 3 0.145297 -0.143987 -0.0194693
6.69291 3 0.146914 -0.140668 -0.0423828
6.85039 3 0.147719 -0.134203 -0.061729
7.00787 3 0.146216 -0.124373 -0.0768803
7.16535 3 0.141351 -0.111035 -0.087471
7.32283 3 0.132646 -0.0941842 -0.0934037
7.48031 3 0.120304 -0.0740195 -0.0948376
7.6378 3 0.105333 -0.050996 -0.0921657
7.79528 3 0.0897831 -0.0258462 -0.0859825
7.95276 3 0.0770405 0.000440022 -0.0770393
8.11024 3 0.0713614 0.0266731 -0.0661891
8.26772 3 0.0748841 0.051546 -0.0543198
8.4252 3 0.0849918 0.0737267 -0.0422846
8.58268 3 0.0969826 0.0919491 -0.0308382
8.74016 3 0.107098 0.1051 -0.0205885
8.89764 3 0.112941 0.112305 -0.0119703
9.05512 3 0.11313 0.113009 -0.00524027
9.2126 3 0.107042 0.107041 -0.000487815
9.37008 3 0.09469 0.0946609 0.00234726
9.52756 3 0.0766306 0.0765526 0.00345735
9.68504 3 0.0538785 0.0537863 0.00315145
9.84252 3 0.0278004 0.0277396 0.00183789
10 3 1.44873e-22 1.44873e-22 0

-10 4 1.44873e-22 1.44873e-22 0
-9.84252 4 0.036897 -0.00919502 -0.0357329
-9.68504 4 0.0724723 -0.0183015 -0.0701233
-9.52756 4 0.105453 -0.0271874 -0.101888
-9.37008 4 0.134665 -0.0356567 -0.129859
-9.2126 4 0.159076 -0.0434665 -0.153022
-9.05512 4 0.177842 -0.0503793 -0.170557
-8.89764 4 0.190351 -0.0562357 -0.181854
-8.74016 4 0.196263 -0.0610199 -0.186536
-8.58268 4 0.195552 -0.0648933 -0.184471
-8.4252 4 0.188535 -0.0681801 -0.175775
-8.26772 4 0.175913 -0.0713042 -0.160814
-8.11024 4 0.158843 -0.0746965 -0.140184
-7.95276 4 0.139094 -0.0786994 -0.114689
-7.79528 4 0.119359 -0.0834949 -0.0852952
-7.6378 4 0.103695 -0.0890761 -0.0530867
-7.48031 4 0.0971812 -0.0952619 -0.0192185
-7.32283 4 0.102861 -0.101742 0.0151287
-7.16535 4 0.118632 -0.108134 0.0487912
-7.00787 4 0.139674 -0.114025 0.0806662
-6.85039 4 0.161887 -0.118995 0.109762
-6.69291 4 0.182558 -0.122613 0.135253
-6.53543 4 0.199974 -0.124429 0.156547
-6.37795 4 0.213097 -0.123967 0.173328
-6.22047 4 0.221412 -0.120747 0.18559
-6.06299 4 0.22486 -0.114325 0.193627
-5.90551 4 0.223808 -0.104362 0.197986
-5.74803 4 0.219033 -0.0906802 0.19938
-5.59055 4 0.211697 -0.0733156 0.198597
-5.43307 4 0.203305 -0.052533 0.1964
-5.27559 4 0.195599 -0.0288155 0.193465
-5.11811 4 0.190352 -0.00283083 0.190331
-4.96063 4 0.189007 0.0246164 0.187397
-4.80315 4 0.192262 0.0526372 0.184917
-4.64567 4 0.199852 0.0803131 0.183005
-4.48819 4 0.210686 0.106755 0.181637
-4.33071 4 0.223245 0.131168 0.180647
-4.17323 4 0.235979 0.152913 0.179731
-4.01575 4 0.24757 0.171573 0.178475
-3.85827 4 0.257067 0.186989 0.176404
-3.70079 4 0.263924 0.199272 0.173051
-3.54331 4 0.267998 0.208778 0.168032
-3.38583 4 0.269501 0.216053 0.161097
-3.22835 4 0.268937 0.221745 0.152172
-3.07087 4 0.267018 0.226531 0.141359
-2.91339 4 0.264574 0.231039 0.128921
-2.75591 4 0.262451 0.235792 0.11525
-2.59843 4 0.2614 0.241172 0.100826
-2.44094 4 0.261968 0.247388 0.0861766
-2.28346 4 0.264402 0.254458 0.07183
-2.12598 4 0.2686 0.262203 0.0582734
-1.9685 4 0.274142 0.27027 0.0459103
-1.81102 4 0.280379 0.278182 0.0350283
-1.65354 4 0.286576 0.285414 0.0257805
-1.49606 4 0.292047 0.29148 0.0181872
-1.33858 4 0.296266 0.296016 0.0121558
-1.1811 4 0.298932 0.298838 0.00751565
-1.02362 4 0.299987 0.299959 0.0040565
-0.866142 4 0.299595 0.299591 0.00156197
-0.708661 4 0.298105 0.298105 -0.000169428
-0.551181 4 0.295992 0.295989 -0.0013151
-0.393701 4 0.293781 0.293774 -0.00202612
-0.23622 4 0.291974 0.291964 -0.00242514
-0.0787402 4 0.290962 0.290951 -0.00260102
0.0787402 4 0.290962 0.290951 -0.00260102
0.23622 4 0.291974 0.291964 -0.00242514
0.393701 4 0.293781 0.293774 -0.00202612
0.551181 4 0.295992 0.295989 -0.0013151
0.708661 4 0.298105 0.298105 -0.000169428
0.866142 4 0.299595 0.299591 0.00156197
1.02362 4 0.299987 0.299959 0.0040565
1.1811 4 0.298932 0.298838 0.00751565
1.33858 4 0.296266 0.296016 0.0121558
1.49606 4 0.292047 0.29148 0.0181872
1.65354 4 0.286576 0.285414 0.0257805
1.81102 4 0.280379 0.278182 0.0350283
1.9685 4 0.274142 0.27027 0.0459103
2.12598 4 0.2686 0.262203 0.0582734
2.28346 4 0.264402 0.254458 0.07183
2.44094 4 0.261968 0.247388 0.0861766
2.59843 4 0.2614 0.241172 0.100826
2.75591 4 0.262451 0.235792 0.11525
2.91339 4 0.264574 0.231039 0.128921
3.07087 4 0.267018 0.226531 0.141359
3.22835 4 0.268937 0.221745 0.152172
3.38583 4 0.269501 0.216053 0.161097
3.54331 4 0.267998 0.208778 0.168032
3.70079 4 0.263924 0.199272 0.173051
3.85827 4 0.257067 0.186989 0.176404
4.01575 4 0.24757 0.171573 0.178475
4.17323 4 0.235979 0.152913 0.179731
4.33071 4 0.223245 0.131168 0.180647
4.48819 4 0.210686 0.106755 0.181637
4.64567 4 0.199852 0.0803131 0.183005
4.80315 4 0.192262 0.0526372 0.184917
4.96063 4 0.189007 0.0246164 0.187397
5.11811 4 0.190352 -0.00283083 0.190331
5.27559 4 0.195599 -0.0288155 0.193465
5.43307 4 0.203305 -0.052533 0.1964
5.59055 4 0.211697 -0.0733156 0.198597
5.74803 4 0.219033 -0.0906802 0.19938
5.90551 4 0.223808 -0.104362 0.197986
6.06299 4 0.22486 -0.114325 0.193627
6.22047 4 0.221412 -0.120747 0.18559
6.37795 4 0.213097 -0.123967 0.173328
6.53543 4 0.199974 -0.124429 0.156547
6.69291 4 0.182558 -0.122613 0.135253
6.85039 4 0.161887 -0.118995 0.109762
7.00787 4 0.139674 -0.114025 0.0806662
7.16535 4 0.118632 -0.108134 0.0487912
7.32283 4 0.102861 -0.101742 0.0151287
7.48031 4 0.0971812 -0.0952619 -0.0192185
7.6378 4 0.103695 -0.0890761 -0.0530867
7.79528 4 0.119359 -0.0834949 -0.0852952
7.95276 4 0.139094 -0.0786994 -0.114689
8.11024 4 0.158843 -0.0746965 -0.140184
8.26772 4 0.175913 -0.0713042 -0.160814
8.4252 4 0.188535 -0.0681801 -0.175775
8.58268 4 0.195552 -0.0648933 -0.184471
8.74016 4 0.196263 -0.0610199 -0.186536
8.89764 4 0.190351 -0.0562357 -0.181854
9.05512 4 0.177842 -0.0503793 -0.170557
9.2126 4 0.159076 -0.0434665 -0.153022
9.37008 4 0.134665 -0.0356567 -0.129859
9.52756 4 0.105453 -0.0271874 -0.101888
9.68504 4 0.0724723 -0.0183015 -0.0701233
9.84252 4 0.036897 -0.00919502 -0.0357329
10 4 1.44873e-22 1.44873e-22 0

-10 5 1.44873e-22 1.44873e-22 0
-9.84252 5 0.0368205 -0.0363446 -0.00590107
-9.68504 5 0.0728796 -0.0719192 -0.0117928
-9.52756 5 0.10742 -0.105961 -0.0176407
-9.37008 5 0.13969 -0.137722 -0.0233657
-9.2126 5 0.168953 -0.166474 -0.0288333
-9.05512 5 0.194499 -0.19153 -0.0338509
-8.89764 5 0.215672 -0.212267 -0.0381702
-8.74016 5 0.231911 -0.228169 -0.0414942
-8.58268 5 0.242795 -0.238869 -0.04349
-8.4252 5 0.248081 -0.244183 -0.0438093
-8.26772 5 0.247728 -0.244121 -0.0421187
-8.11024 5 0.241903 -0.238878 -0.0381376
-7.95276 5 0.230984 -0.228802 -0.0316744
-7.79528 5 0.215557 -0.214364 -0.0226528
-7.6378 5 0.196445 -0.19613 -0.0111199
-7.48031 5 0.174765 -0.174743 0.00276653
-7.32283 5 0.152068 -0.150905 0.0187661
-7.16535 5 0.130596 -0.125366 0.0365897
-7.00787 5 0.11362 -0.0989022 0.0559267
-6.85039 5 0.105228 -0.0722989 0.0764578
-6.69291 5 0.108264 -0.0463277 0.097851
-6.53543 5 0.121699 -0.0217257 0.119744
-6.37795 5 0.141729 0.00083306 0.141726
-6.22047 5 0.164637 0.020778 0.16332
-6.06299 5 0.187808 0.0376949 0.183986
-5.90551 5 0.20953 0.0513832 0.203132
-5.74803 5 0.22868 0.0618996 0.220143
-5.59055 5 0.244518 0.0695708 0.234412
-5.43307 5 0.256569 0.0749611 0.245374
-5.27559 5 0.264558 0.0787987 0.252551
-5.11811 5 0.268376 0.0818752 0.255582
-4.96063 5 0.268084 0.0849417 0.254271
-4.80315 5 0.263935 0.088627 0.24861
-4.64567 5 0.256407 0.0933909 0.238795
-4.48819 5 0.246231 0.0995181 0.225224
-4.33071 5 0.234395 0.10714 0.208476
-4.17323 5 0.222134 0.11627 0.189275
-4.01575 5 0.210875 0.126838 0.168464
-3.85827 5 0.202095 0.138711 0.146975
-3.70079 5 0.197077 0.151702 0.125801
-3.54331 5 0.196566 0.165569 0.10595
-3.38583 5 0.20055 0.180022 0.0883872
-3.22835 5 0.208296 0.19473 0.0739422
-3.07087 5 0.218668 0.209334 0.0632052
-2.91339 5 0.230485 0.22347 0.0564316
-2.75591 5 0.242743 0.236778 0.0534805
-2.59843 5 0.254675 0.248925 0.0538107
-2.44094 5 0.265694 0.259608 0.0565443
-2.28346 5 0.275319 0.268571 0.0605856
-2.12598 5 0.283124 0.275615 0.0647721
-1.9685 5 0.288739 0.280611 0.0680232
-1.81102 5 0.291893 0.283509 0.0694574
-1.65354 5 0.292467 0.28434 0.0684637
-1.49606 5 0.290526 0.283223 0.064728
-1.33858 5 0.286341 0.280358 0.0582278
-1.1811 5 0.280379 0.276026 0.049214
-1.02362 5 0.273267 0.270585 0.0381894
-0.866142 5 0.265735 0.264471 0.0258849
-0.708661 5 0.258518 0.258179 0.0132227
-0.551181 5 0.25225 0.252247 0.00125278
-0.393701 5 0.247369 0.247208 -0.00894418
-0.23622 5 0.244091 0.243541 -0.0163827
-0.0787402 5 0.242461 0.241609 -0.0203074
0.0787402 5 0.242461 0.241609 -0.0203074
0.23622 5 0.244091 0.243541 -0.0163827
0.393701 5 0.247369 0.247208 -0.00894418
0.551181 5 0.25225 0.252247 0.00125278
0.708661 5 0.258518 0.258179 0.0132227
0.866142 5 0.265735 0.264471 0.0258849
1.02362 5 0.273267 0.270585 0.0381894
1.1811 5 0.280379 0.276026 0.049214
1.33858 5 0.286341 0.280358 0.0582278
1.49606 5 0.290526 0.283223 0.064728
1.65354 5 0.292467 0.28434 0.0684637
1.81102 5 0.291893 0.283509 0.0694574
1.9685 5 0.288739 0.280611 0.0680232
2.12598 5 0.283124 0.275615 0.0647721
2.28346 5 0.275319 0.268571 0.0605856
2.44094 5 0.265694 0.259608 0.0565443
2.59843 5 0.254675 0.248925 0.0538107
2.75591 5 0.242743 0.236778 0.0534805
2.91339 5 0.230485 0.22347 0.0564316
3.07087 5 0.218668 0.209334 0.0632052
3.22835 5 0.208296 0.19473 0.0739422
3.38583 5 0.20055 0.180022 0.0883872
3.54331 5 0.196566 0.165569 0.10595
3.70079 5 0.197077 0.151702 0.125801
3.85827 5 0.202095 0.138711 0.146975
4.01575 5 0.210875 0.126838 0.168464
4.17323 5 0.222134 0.11627 0.189275
4.33071 5 0.234395 0.10714 0.208476
4.48819 5 0.246231 0.0995181 0.225224
4.64567 5 0.256407 0.0933909 0.238795
4.80315 5 0.263935 0.088627 0.24861
4.96063 5 0.268084 0.0849417 0.254271
5.11811 5 0.268376 0.0818752 0.255582
5.27559 5 0.264558 0.0787987 0.252551
5.43307 5 0.256569 0.0749611 0.245374
5.59055 5 0.244518 0.0695708 0.234412
5.74803 5 0.22868 0.0618996 0.220143
5.90551 5 0.20953 0.0513832 0.203132
6.06299 5 0.187808 0.0376949 0.183986
6.22047 5 0.164637 0.020778 0.16332
6.37795 5 0.141729 0.00083306 0.141726
6.53543 5 0.121699 -0.0217257 0.119744
6.69291 5 0.108264 -0.0463277 0.097851
6.85039 5 0.105228 -0.0722989 0.0764578
7.00787 5 0.11362 -0.0989022 0.0559267
7.16535 5 0.130596 -0.125366 0.0365897
7.32283 5 0.152068 -0.150905 0.0187661
7.48031 5 0.174765 -0.174743 0.00276653
7.6378 5 0.196445 -0.19613 -0.0111199
7.79528 5 0.215557 -0.214364 -0.0226528
7.95276 5 0.230984 -0.228802 -0.0316744
8.11024 5 0.241903 -0.238878 -0.0381376
8.26772 5 0.247728 -0.244121 -0.0421187
8.4252 5 0.248081 -0.244183 -0.0438093
8.58268 5 0.242795 -0.238869 -0.04349
8.74016 5 0.231911 -0.228169 -0.0414942
8.89764 5 0.215672 -0.212267 -0.0381702
9.05512 5 0.194499 -0.19153 -0.0338509
9.2126 5 0.168953 -0.166474 -0.0288333
9.37008 5 0.13969 -0.137722 -0.0233657
9.52756 5 0.10742 -0.105961 -0.0176407
9.68504 5 0.0728796 -0.0719192 -0.0117928
9.84252 5 0.0368205 -0.0363446 -0.00590107
10 5 1.44873e-22 1.44873e-22 0

-10 6 1.44873e-22 1.44873e-22 0
-9.84252 6 0.0357063 -0.028879 0.0209987
-9.68504 6 0.0705752 -0.0572701 0.0412432
-9.52756 6 0.103857 -0.084737 0.060049
-9.37008 6 0.134953 -0.110926 0.0768622
-9.2126 6 0.16344 -0.135559 0.091304
-9.05512 6 0.18905 -0.158402 0.103193
-8.89764 6 0.211622 -0.179214 0.112544
-8.74016 6 0.231035 -0.197704 0.119541
-8.58268 6 0.247164 -0.213524 0.12449
-8.4252 6 0.259855 -0.226277 0.127763
-8.26772 6 0.268927 -0.235564 0.129736
-8.11024 6 0.274203 -0.24103 0.130735
-7.95276 6 0.275532 -0.242395 0.131006
-7.79528 6 0.272816 -0.23947 0.130702
-7.6378 6 0.266022 -0.232154 0.129892
-7.48031 6 0.255196 -0.220431 0.12859
-7.32283 6 0.240502 -0.204372 0.126781
-7.16535 6 0.222273 -0.18416 0.12446
-7.00787 6 0.201096 -0.160129 0.121649
-6.85039 6 0.177925 -0.132792 0.118421
-6.69291 6 0.154222 -0.102855 0.114914
-6.53543 6 0.132157 -0.0711858 0.111347
-6.37795 6 0.114768 -0.0387505 0.108028
-6.22047 6 0.10556 -0.00652832 0.105358
-6.06299 6 0.106683 0.0245788 0.103813
-5.90551 6 0.11701 0.0538175 0.103899
-5.74803 6 0.13325 0.0806255 0.10609
-5.59055 6 0.152357 0.104641 0.110738
-5.43307 6 0.172394 0.125685 0.117995
-5.27559 6 0.1923 0.143727 0.127757
-5.11811 6 0.211503 0.158851 0.139643
-4.96063 6 0.229634 0.171216 0.153025
-4.80315 6 0.246359 0.181037 0.167088
-4.64567 6 0.261307 0.18856 0.180904
-4.48819 6 0.274042 0.194051 0.193502
-4.33071 6 0.284091 0.197784 0.203934
-4.17323 6 0.290979 0.20003 0.211322
-4.01575 6 0.294286 0.201046 0.214906
-3.85827 6 0.293712 0.201066 0.214101
-3.70079 6 0.289154 0.20029 0.208551
-3.54331 6 0.280767 0.198877 0.198186
-3.38583 6 0.269013 0.196938 0.183257
-3.22835 6 0.254673 0.194554 0.164338
-3.07087 6 0.238822 0.191801 0.142297
-2.91339 6 0.22276 0.188796 0.118229
-2.75591 6 0.207886 0.185742 0.0933625
-2.59843 6 0.195524 0.182959 0.0689611
-2.44094 6 0.186694 0.180881 0.0462225
-2.28346 6 0.181908 0.180012 0.0261977
-2.12598 6 0.181112 0.18085 0.0097287
-1.9685 6 0.183827 0.183808 -0.00258951
-1.81102 6 0.189422 0.189135 -0.0104276
-1.65354 6 0.197344 0.196866 -0.0137232
-1.49606 6 0.207202 0.206814 -0.0126709
-1.33858 6 0.218715 0.21858 -0.00770315
-1.1811 6 0.231592 0.231591 0.000534267
-1.02362 6 0.245411 0.245155 0.0112113
-0.866142 6 0.25957 0.258518 0.0233498
-0.708661 6 0.273296 0.270932 0.0358706
-0.551181 6 0.285718 0.281716 0.0476566
-0.393701 6 0.295966 0.2903 0.0576345
-0.23622 6 0.303275 0.296255 0.0648718
-0.0787402 6 0.307079 0.299301 0.0686756
0.0787402 6 0.307079 0.299301 0.0686756
0.23622 6 0.303275 0.296255 0.0648718
0.393701 6 0.295966 0.2903 0.0576345
0.551181 6 0.285718 0.281716 0.0476566
0.708661 6 0.273296 0.270932 0.0358706
0.866142 6 0.25957 0.258518 0.0233498
1.02362 6 0.245411 0.245155 0.0112113
1.1811 6 0.231592 0.231591 0.000534267
1.33858 6 0.218715 0.21858 -0.00770315
1.49606 6 0.207202 0.206814 -0.0126709
1.65354 6 0.197344 0.196866 -0.0137232
1.81102 6 0.189422 0.189135 -0.0104276
1.9685 6 0.183827 0.183808 -0.00258951
2.12598 6 0.181112 0.18085 0.0097287
2.28346 6 0.181908 0.180012 0.0261977
2.44094 6 0.186694 0.180881 0.0462225
2.59843 6 0.195524 0.182959 0.0689611
2.75591 6 0.207886 0.185742 0.0933625
2.91339 6 0.22276 0.188796 0.118229
3.07087 6 0.238822 0.191801 0.142297
3.22835 6 0.254673 0.194554 0.164338
3.38583 6 0.269013 0.196938 0.183257
3.54331 6 0.280767 0.198877 0.198186
3.70079 6 0.289154 0.20029 0.208551
3.85827 6 0.293712 0.201066 0.214101
4.01575 6 0.294286 0.201046 0.214906
4.17323 6 0.290979 0.20003 0.211322
4.33071 6 0.284091 0.197784 0.203934
4.48819 6 0.274042 0.194051 0.193502
4.64567 6 0.261307 0.18856 0.180904
4.80315 6 0.246359 0.181037 0.167088
4.96063 6 0.229634 0.171216 0.153025
5.11811 6 0.211503 0.158851 0.139643
5.27559 6 0.1923 0.143727 0.127757
5.43307 6 0.172394 0.125685 0.117995
5.59055 6 0.152357 0.104641 0.110738
5.74803 6 0.13325 0.0806255 0.10609
5.90551 6 0.11701 0.0538175 0.103899
6.06299 6 0.106683 0.0245788 0.103813
6.22047 6 0.10556 -0.00652832 0.105358
6.37795 6 0.114768 -0.0387505 0.108028
6.53543 6 0.132157 -0.0711858 0.111347
6.69291 6 0.154222 -0.102855 0.114914
6.85039 6 0.177925 -0.132792 0.118421
7.00787 6 0.201096 -0.160129 0.121649
7.16535 6 0.222273 -0.18416 0.12446
7.32283 6 0.240502 -0.204372 0.126781
7.48031 6 0.255196 -0.220431 0.12859
7.6378 6 0.266022 -0.232154 0.129892
7.79528 6 0.272816 -0.23947 0.130702
7.95276 6 0.275532 -0.242395 0.131006
8.11024 6 0.274203 -0.24103 0.130735
8.26772 6 0.268927 -0.235564 0.129736
8.4252 6 0.259855 -0.226277 0.127763
8.58268 6 0.247164 -0.213524 0.12449
8.74016 6 0.231035 -0.197704 0.119541
8.89764 6 0.211622 -0.179214 0.112544
9.05512 6 0.18905 -0.158402 0.103193
9.2126 6 0.16344 -0.135559 0.091304
9.37008 6 0.134953 -0.110926 0.0768622
9.52756 6 0.103857 -0.084737 0.060049
9.68504 6 0.0705752 -0.0572701 0.0412432
9.84252 6 0.0357063 -0.028879 0.0209987
10 6 1.44873e-22 1.44873e-22 0

-10 7 1.44873e-22 1.44873e-22 0
-9.84252 7 0.0375821 -0.0201511 0.031723
-9.68504 7 0.0742442 -0.0396401 0.0627763
-9.52756 7 0.109101 -0.0578487 0.0925019
-9.37008 7 0.141342 -0.0742455 0.120271
-9.2126 7 0.170272 -0.0884291 0.145509
-9.05512 7 0.195369 -0.100169 0.167736
-8.89764 7 0.21633 -0.109441 0.186604
-8.74016 7 0.233106 -0.116449 0.201935
-8.58268 7 0.245915 -0.121611 0.213741
-8.4252 7 0.255207 -0.125508 0.222213
-8.26772 7 0.261584 -0.128792 0.227681
-8.11024 7 0.265698 -0.132059 0.230556
-7.95276 7 0.268139 -0.135721 0.231254
-7.79528 7 0.269334 -0.139913 0.230141
-7.6378 7 0.269483 -0.144445 0.227501
-7.48031 7 0.26854 -0.14882 0.223531
-7.32283 7 0.26623 -0.152302 0.218363
-7.16535 7 0.262126 -0.154025 0.2121
-7.00787 7 0.255739 -0.153107 0.204843
-6.85039 7 0.246626 -0.148763 0.196708
-6.69291 7 0.234499 -0.140392 0.187829
-6.53543 7 0.219316 -0.127638 0.178349
-6.37795 7 0.201371 -0.110413 0.168402
-6.22047 7 0.181392 -0.0888975 0.158115
-6.06299 7 0.160688 -0.0635079 0.147605
-5.90551 7 0.141356 -0.034859 0.136991
-5.74803 7 0.126458 -0.00372387 0.126403
-5.59055 7 0.11956 0.0289985 0.11599
-5.43307 7 0.122886 0.0623118 0.105916
-5.27559 7 0.135429 0.0951563 0.0963648
-5.11811 7 0.153799 0.12646 0.0875325
-4.96063 7 0.174452 0.155212 0.0796413
-4.80315 7 0.194729 0.180549 0.0729482
-4.64567 7 0.212904 0.201836 0.067752
-4.48819 7 0.228007 0.218727 0.0643864
-4.33071 7 0.239655 0.231173 0.0631937
-4.17323 7 0.247923 0.239392 0.0644789
-4.01575 7 0.253224 0.243796 0.0684526
-3.85827 7 0.256192 0.244915 0.0751738
-3.70079 7 0.257579 0.243323 0.0845022
-3.54331 7 0.258135 0.239592 0.0960699
-3.38583 7 0.25851 0.234277 0.109278
-3.22835 7 0.259139 0.227914 0.123322
-3.07087 7 0.260166 0.221023 0.137242
-2.91339 7 0.261421 0.214103 0.150002
-2.75591 7 0.262463 0.207607 0.16058
-2.59843 7 0.262701 0.201917 0.168053
-2.44094 7 0.261546 0.197317 0.171675
-2.28346 7 0.258552 0.193992 0.170927
-2.12598 7 0.253537 0.192036 0.165539
-1.9685 7 0.246657 0.191473 0.155492
-1.81102 7 0.238441 0.192278 0.141009
-1.65354 7 0.229784 0.19438 0.122546
-1.49606 7 0.221863 0.197656 0.100773
-1.33858 7 0.215945 0.201918 0.0765598
-1.1811 7 0.213077 0.206898 0.0509451
-1.02362 7 0.213741 0.212264 0.0250844
-0.866142 7 0.217648 0.217648 0.000184438
-0.708661 7 0.223825 0.222683 -0.0225783
-0.551181 7 0.230926 0.227049 -0.0421365
-0.393701 7 0.237588 0.230501 -0.0575967
-0.23622 7 0.242679 0.232875 -0.0682789
-0.0787402 7 0.24542 0.234082 -0.0737316
0.0787402 7 0.24542 0.234082 -0.0737316
0.23622 7 0.242679 0.232875 -0.0682789
0.393701 7 0.237588 0.230501 -0.0575967
0.551181 7 0.230926 0.227049 -0.0421365
0.708661 7 0.223825 0.222683 -0.0225783
0.866142 7 0.217648 0.217648 0.000184438
1.02362 7 0.213741 0.212264 0.0250844
1.1811 7 0.213077 0.206898 0.0509451
1.33858 7 0.215945 0.201918 0.0765598
1.49606 7 0.221863 0.197656 0.100773
1.65354 7 0.229784 0.19438 0.122546
1.81102 7 0.238441 0.192278 0.141009
1.9685 7 0.246657 0.191473 0.155492
2.12598 7 0.253537 0.192036 0.165539
2.28346 7 0.258552 0.193992 0.170927
2.44094 7 0.261546 0.197317 0.171675
2.59843 7 0.262701 0.201917 0.168053
2.75591 7 0.262463 0.207607 0.16058
2.91339 7 0.261421 0.214103 0.150002
3.07087 7 0.260166 0.221023 0.137242
3.22835 7 0.259139 0.227914 0.123322
3.38583 7 0.25851 0.234277 0.109278
3.54331 7 0.258135 0.239592 0.0960699
3.70079 7 0.257579 0.243323 0.0845022
3.85827 7 0.256192 0.244915 0.0751738
4.01575 7 0.253224 0.243796 0.0684526
4.17323 7 0.247923 0.239392 0.0644789
4.33071 7 0.239655 0.231173 0.0631937
4.48819 7 0.228007 0.218727 0.0643864
4.64567 7 0.212904 0.201836 0.067752
4.80315 7 0.194729 0.180549 0.0729482
4.96063 7 0.174452 0.155212 0.0796413
5.11811 7 0.153799 0.12646 0.0875325
5.27559 7 0.135429 0.0951563 0.0963648
5.43307 7 0.122886 0.0623118 0.105916
5.59055 7 0.11956 0.0289985 0.11599
5.74803 7 0.126458 -0.00372387 0.126403
5.90551 7 0.141356 -0.034859 0.136991
6.06299 7 0.160688 -0.0635079 0.147605
6.22047 7 0.181392 -0.0888975 0.158115
6.37795 7 0.201371 -0.110413 0.168402
6.53543 7 0.219316 -0.127638 0.178349
6.69291 7 0.234499 -0.140392 0.187829
6.85039 7 0.246626 -0.148763 0.196708
7.00787 7 0.255739 -0.153107 0.204843
7.16535 7 0.262126 -0.154025 0.2121
7.32283 7 0.26623 -0.152302 0.218363
7.48031 7 0.26854 -0.14882 0.223531
7.6378 7 0.269483 -0.144445 0.227501
7.79528 7 0.269334 -0.139913 0.230141
7.95276 7 0.268139 -0.135721 0.231254
8.11024 7 0.265698 -0.132059 0.230556
8.26772 7 0.261584 -0.128792 0.227681
8.4252 7 0.255207 -0.125508 0.222213
8.58268 7 0.245915 -0.121611 0.213741
8.74016 7 0.233106 -0.116449 0.201935
8.89764 7 0.21633 -0.109441 0.186604
9.05512 7 0.195369 -0.100169 0.167736
9.2126 7 0.170272 -0.0884291 0.145509
9.37008 7 0.141342 -0.0742455 0.120271
9.52756 7 0.109101 -0.0578487 0.0925019
9.68504 7 0.0742442 -0.0396401 0.0627763
9.84252 7 0.0375821 -0.0201511 0.031723
10 7 1.44873e-22 1.44873e-22 0

-10 8 1.44873e-22 1.44873e-22 0
-9.84252 8 0.0163439 -0.00310734 0.0160458
-9.68504 8 0.03345 -0.00650791 0.0328108
-9.52756 8 0.0520165 -0.0104528 0.0509555
-9.37008 8 0.072606 -0.0151151 0.0710152
-9.2126 8 0.0955684 -0.0205654 0.0933294
-9.05512 8 0.120972 -0.0267624 0.117974
-8.89764 8 0.148557 -0.0335599 0.144717
-8.74016 8 0.177736 -0.0407277 0.173007
-8.58268 8 0.207628 -0.0479824 0.202008
-8.4252 8 0.23714 -0.0550212 0.230668
-8.26772 8 0.265058 -0.0615501 0.257812
-8.11024 8 0.290152 -0.0673027 0.282239
-7.95276 8 0.311262 -0.0720454 0.302809
-7.79528 8 0.327369 -0.0755752 0.318526
-7.6378 8 0.337665 -0.0777162 0.3286
-7.48031 8 0.341612 -0.0783239 0.332512
-7.32283 8 0.339001 -0.0773017 0.33007
-7.16535 8 0.329998 -0.0746269 0.321449
-7.00787 8 0.315162 -0.0703761 0.307204
-6.85039 8 0.295418 -0.0647386 0.288237
-6.69291 8 0.271973 -0.0580082 0.265715
-6.53543 8 0.246189 -0.0505507 0.240943
-6.37795 8 0.219434 -0.0427554 0.215228
-6.22047 8 0.192948 -0.0349791 0.189751
-6.06299 8 0.167745 -0.0274959 0.165476
-5.90551 8 0.14457 -0.0204593 0.143115
-5.74803 8 0.123912 -0.0138789 0.123132
-5.59055 8 0.106051 -0.00761178 0.105777
-5.43307 8 0.091148 -0.00136574 0.0911378
-5.27559 8 0.0793629 0.00528455 0.0791867
-5.11811 8 0.0709954 0.0128673 0.0698196
-4.96063 8 0.0666082 0.0219663 0.0628819
-4.80315 8 0.0669687 0.0331562 0.0581848
-4.64567 8 0.072691 0.046927 0.0555143
-4.48819 8 0.083854 0.0636101 0.0546373
-4.33071 8 0.100007 0.0833214 0.0553085
-4.17323 8 0.120427 0.105933 0.0572791
-4.01575 8 0.144289 0.131081 0.0603074
-3.85827 8 0.170712 0.158194 0.0641664
-3.70079 8 0.198764 0.186535 0.0686436
-3.54331 8 0.227449 0.215235 0.0735323
-3.38583 8 0.255698 0.243314 0.0786135
-3.22835 8 0.282369 0.269698 0.0836373
-3.07087 8 0.306262 0.293253 0.0883131
-2.91339 8 0.326173 0.312837 0.092316
-2.75591 8 0.340997 0.327405 0.0953143
-2.59843 8 0.349843 0.336122 0.0970144
-2.44094 8 0.352167 0.338485 0.097211
-2.28346 8 0.347859 0.334399 0.0958296
-2.12598 8 0.337268 0.324207 0.0929477
-1.9685 8 0.321167 0.308651 0.0887883
-1.81102 8 0.300655 0.288773 0.0836866
-1.65354 8 0.277016 0.265797 0.0780399
-1.49606 8 0.251589 0.240991 0.0722518
-1.33858 8 0.225637 0.215558 0.0666845
-1.1811 8 0.200277 0.190561 0.0616247
-1.02362 8 0.176436 0.166884 0.0572671
-0.866142 8 0.154858 0.145245 0.0537109
-0.708661 8 0.13613 0.126228 0.0509685
-0.551181 8 0.120709 0.110325 0.0489823
-0.393701 8 0.108932 0.0979585 0.0476486
-0.23622 8 0.101009 0.0894874 0.0468481
-0.0787402 8 0.0970344 0.0851792 0.0464776
0.0787402 8 0.0970344 0.0851792 0.0464776
0.23622 8 0.101009 0.0894874 0.0468481
0.393701 8 0.108932 0.0979585 0.0476486
0.551181 8 0.120709 0.110325 0.0489823
0.708661 8 0.13613 0.126228 0.0509685
0.866142 8 0.154858 0.145245 0.0537109
1.02362 8 0.176436 0.166884 0.0572671
1.1811 8 0.200277 0.190561 0.0616247
1.33858 8 0.225637 0.215558 0.0666845
1.49606 8 0.251589 0.240991 0.0722518
1.65354 8 0.277016 0.265797 0.0780399
1.81102 8 0.300655 0.288773 0.0836866
1.9685 8 0.321167 0.308651 0.0887883
2.12598 8 0.337268 0.324207 0.0929477
2.28346 8 0.347859 0.334399 0.0958296
2.44094 8 0.352167 0.338485 0.097211
2.59843 8 0.349843 0.336122 0.0970144
2.75591 8 0.340997 0.327405 0.0953143
2.91339 8 0.326173 0.312837 0.092316
3.07087 8 0.306262 0.293253 0.0883131
3.22835 8 0.282369 0.269698 0.0836373
3.38583 8 0.255698 0.243314 0.0786135
3.54331 8 0.227449 0.215235 0.0735323
3.70079 8 0.198764 0.186535 0.0686436
3.85827 8 0.170712 0.158194 0.0641664
4.01575 8 0.144289 0.131081 0.0603074
4.17323 8 0.120427 0.105933 0.0572791
4.33071 8 0.100007 0.0833214 0.0553085
4.48819 8 0.083854 0.0636101 0.0546373
4.64567 8 0.072691 0.046927 0.0555143
4.80315 8 0.0669687 0.0331562 0.0581848
4.96063 8 0.0666082 0.0219663 0.0628819
5.11811 8 0.0709954 0.0128673 0.0698196
5.27559 8 0.0793629 0.00528455 0.0791867
5.43307 8 0.091148 -0.00136574 0.0911378
5.59055 8 0.106051 -0.00761178 0.105777
5.74803 8 0.123912 -0.0138789 0.123132
5.90551 8 0.14457 -0.0204593 0.143115
6.06299 8 0.167745 -0.0274959 0.165476
6.22047 8 0.192948 -0.0349791 0.189751
6.37795 8 0.219434 -0.0427554 0.215228
6.53543 8 0.246189 -0.0505507 0.240943
6.69291 8 0.271973 -0.0580082 0.265715
6.85039 8 0.295418 -0.0647386 0.288237
7.00787 8 0.315162 -0.0703761 0.307204
7.16535 8 0.329998 -0.0746269 0.321449
7.32283 8 0.339001 -0.0773017 0.33007
7.48031 8 0.341612 -0.0783239 0.332512
7.6378 8 0.337665 -0.0777162 0.3286
7.79528 8 0.327369 -0.0755752 0.318526
7.95276 8 0.311262 -0.0720454 0.302809
8.11024 8 0.290152 -0.0673027 0.282239
8.26772 8 0.265058 -0.0615501 0.257812
8.4252 8 0.23714 -0.0550212 0.230668
8.58268 8 0.207628 -0.0479824 0.202008
8.74016 8 0.177736 -0.0407277 0.173007
8.89764 8 0.148557 -0.0335599 0.144717
9.05512 8 0.120972 -0.0267624 0.117974
9.2126 8 0.0955684 -0.0205654 0.0933294
9.37008 8 0.072606 -0.0151151 0.0710152
9.52756 8 0.0520165 -0.0104528 0.0509555
9.68504 8 0.03345 -0.00650791 0.0328108
9.84252 8 0.0163439 -0.00310734 0.0160458
10 8 1.44873e-22 1.44873e-22 0

-10 9 1.44873e-22 1.44873e-22 0
-9.84252 9 0.0401428 0.00166604 0.0401083
-9.68504 9 0.0790593 0.00335013 0.0789883
-9.52756 9 0.115628 0.00507899 0.115517
-9.37008 9 0.148917 0.0068946 0.148757
-9.2126 9 0.178228 0.00885512 0.178008
-9.05512 9 0.203107 0.0110262 0.202807
-8.89764 9 0.223328 0.0134607 0.222922
-8.74016 9 0.238866 0.0161709 0.238318
-8.58268 9 0.249876 0.0191 0.249145
-8.4252 9 0.256682 0.0221051 0.255728
-8.26772 9 0.259771 0.0249578 0.258569
-8.11024 9 0.259786 0.027363 0.258341
-7.95276 9 0.257504 0.0289887 0.255867
-7.79528 9 0.253786 0.0294998 0.252065
-7.6378 9 0.249513 0.0285889 0.247869
-7.48031 9 0.245515 0.0260051 0.244133
-7.32283 9 0.242499 0.021583 0.241536
-7.16535 9 0.240993 0.0152751 0.240509
-7.00787 9 0.241301 0.00718289 0.241194
-6.85039 9 0.243463 -0.00242158 0.243451
-6.69291 9 0.247239 -0.0130927 0.246893
-6.53543 9 0.252115 -0.0242308 0.250948
-6.37795 9 0.257338 -0.035121 0.25493
-6.22047 9 0.26199 -0.0449815 0.258099
-6.06299 9 0.265073 -0.0530143 0.259718
-5.90551 9 0.265606 -0.0584542 0.259094
-5.74803 9 0.262711 -0.0606169 0.255622
-5.59055 9 0.255719 -0.0589522 0.248831
-5.43307 9 0.244272 -0.0530976 0.238431
-5.27559 9 0.228433 -0.0429263 0.224364
-5.11811 9 0.208798 -0.0285753 0.206834
-4.96063 9 0.186605 -0.0104406 0.186313
-4.80315 9 0.163868 0.0108623 0.163508
-4.64567 9 0.143511 0.0345679 0.139286
-4.48819 9 0.129264 0.0598416 0.114578
-4.33071 9 0.12458 0.0858553 0.0902726
-4.17323 9 0.130442 0.11184 0.0671331
-4.01575 9 0.144542 0.137113 0.0457446
-3.85827 9 0.163239 0.161072 0.0265069
-3.70079 9 0.183439 0.183185 0.00965775
-3.54331 9 0.203021 0.202967 -0.00468706
-3.38583 9 0.220598 0.219981 -0.0164937
-3.22835 9 0.235262 0.233845 -0.0257792
-3.07087 9 0.246439 0.244275 -0.0325876
-2.91339 9 0.253824 0.251118 -0.0369684
-2.75591 9 0.257364 0.2544 -0.0389524
-2.59843 9 0.257244 0.254343 -0.0385282
-2.44094 9 0.253872 0.25136 -0.0356284
-2.28346 9 0.247858 0.246019 -0.030135
-2.12598 9 0.239985 0.238983 -0.021908
-1.9685 9 0.231189 0.230935 -0.0108315
-1.81102 9 0.222535 0.222512 0.00313266
-1.65354 9 0.215171 0.214249 0.0198987
-1.49606 9 0.210235 0.206544 0.039224
-1.33858 9 0.208676 0.199655 0.0606914
-1.1811 9 0.211024 0.193714 0.0837027
-1.02362 9 0.217211 0.188756 0.10748
-0.866142 9 0.22652 0.184746 0.131074
-0.708661 9 0.237723 0.181613 0.153392
-0.551181 9 0.249303 0.179267 0.17325
-0.393701 9 0.259696 0.177613 0.18946
-0.23622 9 0.267506 0.176567 0.200957
-0.0787402 9 0.271691 0.176061 0.206926
0.0787402 9 0.271691 0.176061 0.206926
0.23622 9 0.267506 0.176567 0.200957
0.393701 9 0.259696 0.177613 0.18946
0.551181 9 0.249303 0.179267 0.17325
0.708661 9 0.237723 0.181613 0.153392
0.866142 9 0.22652 0.184746 0.131074
1.02362 9 0.217211 0.188756 0.10748
1.1811 9 0.211024 0.193714 0.0837027
1.33858 9 0.208676 0.199655 0.0606914
1.49606 9 0.210235 0.206544 0.039224
1.65354 9 0.215171 0.214249 0.0198987
1.81102 9 0.222535 0.222512 0.00313266
1.9685 9 0.231189 0.230935 -0.0108315
2.12598 9 0.239985 0.238983 -0.021908
2.28346 9 0.247858 0.246019 -0.030135
2.44094 9 0.253872 0.25136 -0.0356284
2.59843 9 0.257244 0.254343 -0.0385282
2.75591 9 0.257364 0.2544 -0.0389524
2.91339 9 0.253824 0.251118 -0.0369684
3.07087 9 0.246439 0.244275 -0.0325876
3.22835 9 0.235262 0.233845 -0.0257792
3.38583 9 0.220598 0.219981 -0.0164937
3.54331 9 0.203021 0.202967 -0.00468706
3.70079 9 0.183439 0.183185 0.00965775
3.85827 9 0.163239 0.161072 0.0265069
4.01575 9 0.144542 0.137113 0.0457446
4.17323 9 0.130442 0.11184 0.0671331
4.33071 9 0.12458 0.0858553 0.0902726
4.48819 9 0.129264 0.0598416 0.114578
4.64567 9 0.143511 0.0345679 0.139286
4.80315 9 0.163868 0.0108623 0.163508
4.96063 9 0.186605 -0.0104406 0.186313
5.11811 9 0.208798 -0.0285753 0.206834
5.27559 9 0.228433 -0.0429263 0.224364
5.43307 9 0.244272 -0.0530976 0.238431
5.59055 9 0.255719 -0.0589522 0.248831
5.74803 9 0.262711 -0.0606169 0.255622
5.90551 9 0.265606 -0.0584542 0.259094
6.06299 9 0.265073 -0.0530143 0.259718
6.22047 9 0.26199 -0.0449815 0.258099
6.37795 9 0.257338 -0.035121 0.25493
6.53543 9 0.252115 -0.0242308 0.250948
6.69291 9 0.247239 -0.0130927 0.246893
6.85039 9 0.243463 -0.00242158 0.243451
7.00787 9 0.241301 0.00718289 0.241194
7.16535 9 0.240993 0.0152751 0.240509
7.32283 9 0.242499 0.021583 0.241536
7.48031 9 0.245515 0.0260051 0.244133
7.6378 9 0.249513 0.0285889 0.247869
7.79528 9 0.253786 0.0294998 0.252065
7.95276 9 0.257504 0.0289887 0.255867
8.11024 9 0.259786 0.027363 0.258341
8.26772 9 0.259771 0.0249578 0.258569
8.4252 9 0.256682 0.0221051 0.255728
8.58268 9 0.249876 0.0191 0.249145
8.74016 9 0.238866 0.0161709 0.238318
8.89764 9 0.223328 0.0134607 0.222922
9.05512 9 0.203107 0.0110262 0.202807
9.2126 9 0.178228 0.00885512 0.178008
9.37008 9 0.148917 0.0068946 0.148757
9.52756 9 0.115628 0.00507899 0.115517
9.68504 9 0.0790593 0.00335013 0.0789883
9.84252 9 0.0401428 0.00166604 0.0401083
10 9 1.44873e-22 1.44873e-22 0

-10 10 1.44873e-22 1.44873e-22 0
-9.84252 10 0.0228034 0.0217051 0.0069918
-9.68504 10 0.044813 0.0422785 0.0148572
-9.52756 10 0.0654112 0.060699 0.0243772
-9.37008 10 0.0842931 0.0761438 0.0361587
-9.2126 10 0.10153 0.0880377 0.0505728
-9.05512 10 0.117537 0.0960631 0.0677259
-8.89764 10 0.13296 0.10014 0.0874659
-8.74016 10 0.148497 0.100388 0.109424
-8.58268 10 0.16473 0.0970885 0.133078
-8.4252 10 0.182002 0.0906476 0.157822
-8.26772 10 0.200376 0.081569 0.183022
-8.11024 10 0.219649 0.0704315 0.20805
-7.95276 10 0.239392 0.0578703 0.232292
-7.79528 10 0.259007 0.0445577 0.255146
-7.6378 10 0.277782 0.0311842 0.276026
-7.48031 10 0.294958 0.018436 0.294381
-7.32283 10 0.309814 0.00697089 0.309736
-7.16535 10 0.32175 -0.00260931 0.32174
-7.00787 10 0.330352 -0.00978783 0.330207
-6.85039 10 0.335426 -0.0141624 0.335127
-6.69291 10 0.336991 -0.0154717 0.336636
-6.53543 10 0.335241 -0.0136157 0.334965
-6.37795 10 0.330482 -0.00866448 0.330369
-6.22047 10 0.323079 -0.00085498 0.323078
-6.06299 10 0.313418 0.00942327 0.313277
-5.90551 10 0.301881 0.0216489 0.301104
-5.74803 10 0.288837 0.0351901 0.286685
-5.59055 10 0.274619 0.0493247 0.270153
-5.43307 10 0.259495 0.063261 0.251666
-5.27559 10 0.243624 0.0761666 0.231412
-5.11811 10 0.227029 0.0872136 0.209609
-4.96063 10 0.209602 0.0956436 0.186508
-4.80315 10 0.191166 0.10085 0.1624
-4.64567 10 0.171579 0.102463 0.137625
-4.48819 10 0.150868 0.100425 0.112588
-4.33071 10 0.129349 0.0950327 0.0877487
-4.17323 10 0.107724 0.0869355 0.0636134
-4.01575 10 0.0871746 0.0770886 0.0407033
-3.85827 10 0.0694584 0.0666575 0.0195254
-3.70079 10 0.0568947 0.0568921 0.000542635
-3.54331 10 0.0514904 0.0489905 -0.015849
-3.38583 10 0.0528594 0.0439744 -0.029332
-3.22835 10 0.0582109 0.0426008 -0.0396697
-3.07087 10 0.0650761 0.0453187 -0.0467025
-2.91339 10 0.0725715 0.0522718 -0.0503416
-2.75591 10 0.0810405 0.0633324 -0.0505626
-2.59843 10 0.0913971 0.0781438 -0.0474021
-2.44094 10 0.104517 0.0961581 -0.0409572
-2.28346 10 0.120809 0.116661 -0.0313872
-2.12598 10 0.140077 0.138794 -0.0189192
-1.9685 10 0.161641 0.161595 -0.0038545
-1.81102 10 0.184552 0.184063 0.0134243
-1.65354 10 0.207796 0.205247 0.0324493
-1.49606 10 0.230451 0.224352 0.0526694
-1.33858 10 0.251775 0.240819 0.0734635
-1.1811 10 0.271246 0.254378 0.0941628
-1.02362 10 0.288545 0.265035 0.114083
-0.866142 10 0.303504 0.273026 0.132557
-0.708661 10 0.316046 0.278735 0.148969
-0.551181 10 0.326135 0.282608 0.162778
-0.393701 10 0.333744 0.285078 0.173537
-0.23622 10 0.338841 0.286509 0.180903
-0.0787402 10 0.341398 0.287157 0.184645
0.0787402 10 0.341398 0.287157 0.184645
0.23622 10 0.338841 0.286509 0.180903
0.393701 10 0.333744 0.285078 0.173537
0.551181 10 0.326135 0.282608 0.162778
0.708661 10 0.316046 0.278735 0.148969
0.866142 10 0.303504 0.273026 0.132557
1.02362 10 0.288545 0.265035 0.114083
1.1811 10 0.271246 0.254378 0.0941628
1.33858 10 0.251775 0.240819 0.0734635
1.49606 10 0.230451 0.224352 0.0526694
1.65354 10 0.207796 0.205247 0.0324493
1.81102 10 0.184552 0.184063 0.0134243
1.9685 10 0.161641 0.161595 -0.0038545
2.12598 10 0.140077 0.138794 -0.0189192
2.28346 10 0.120809 0.116661 -0.0313872
2.44094 10 0.104517 0.0961581 -0.0409572
2.59843 10 0.0913971 0.0781438 -0.0474021
2.75591 10 0.0810405 0.0633324 -0.0505626
2.91339 10 0.0725715 0.0522718 -0.0503416
3.07087 10 0.0650761 0.0453187 -0.0467025
3.22835 10 0.0582109 0.0426008 -0.0396697
3.38583 10 0.0528594 0.0439744 -0.029332
3.54331 10 0.0514904 0.0489905 -0.015849
3.70079 10 0.0568947 0.0568921 0.000542635
3.85827 10 0.0694584 0.0666575 0.0195254
4.01575 10 0.0871746 0.0770886 0.0407033
4.17323 10 0.107724 0.0869355 0.0636134
4.33071 10 0.129349 0.0950327 0.0877487
4.48819 10 0.150868 0.100425 0.112588
4.64567 10 0.171579 0.102463 0.137625
4.80315 10 0.191166 0.10085 0.1624
4.96063 10 0.209602 0.0956436 0.186508
5.11811 10 0.227029 0.0872136 0.209609
5.27559 10 0.243624 0.0761666 0.231412
5.43307 10 0.259495 0.063261 0.251666
5.59055 10 0.274619 0.0493247 0.270153
5.74803 10 0.288837 0.0351901 0.286685
5.90551 10 0.301881 0.0216489 0.301104
6.06299 10 0.313418 0.00942327 0.313277
6.22047 10 0.323079 -0.00085498 0.323078
6.37795 10 0.330482 -0.00866448 0.330369
6.53543 10 0.335241 -0.0136157 0.334965
6.69291 10 0.336991 -0.0154717 0.336636
6.85039 10 0.335426 -0.0141624 0.335127
7.00787 10 0.330352 -0.00978783 0.330207
7.16535 10 0.32175 -0.00260931 0.32174
7.32283 10 0.309814 0.00697089 0.309736
7.48031 10 0.294958 0.018436 0.294381
7.6378 10 0.277782 0.0311842 0.276026
7.79528 10 0.259007 0.0445577 0.255146
7.95276 10 0.239392 0.0578703 0.232292
8.11024 10 0.219649 0.0704315 0.20805
8.26772 10 0.200376 0.081569 0.183022
8.4252 10 0.182002 0.0906476 0.157822
8.58268 10 0.16473 0.0970885 0.133078
8.74016 10 0.148497 0.100388 0.109424
8.89764 10 0.13296 0.10014 0.0874659
9.05512 10 0.117537 0.0960631 0.0677259
9.2126 10 0.10153 0.0880377 0.0505728
9.37008 10 0.0842931 0.0761438 0.0361587
9.52756 10 0.0654112 0.060699 0.0243772
9.68504 10 0.044813 0.0422785 0.0148572
9.84252 10 0.0228034 0.0217051 0.0069918
10 10 1.44873e-22 1.44873e-22 0

