0 2 -1.01562 0.695312
1 2 -1.29688 0.71875
2 2 -1.375 0.742188
3 2 -1.39062 0.71875
4 2 -1.45312 0.703125
5 2 -1.5625 0.765625
6 2 -1.59375 0.757812
7 2 -1.60938 0.789062
8 2 -1.625 0.804688
9 2 -1.60938 0.84375
10 2 -1.67188 0.859375
11 2 -1.76562 0.921875
12 2 -1.59375 0.859375
13 2 -1.60938 0.851562
14 2 -1.60938 0.875
15 2 -1.78125 0.921875
16 2 -1.8125 0.929688
17 2 -1.73438 0.90625
18 2 -1.8125 0.953125
19 2 -1.90625 0.976562
20 2 -1.76562 0.929688
21 2 -1.75 0.929688
22 2 -1.76562 0.921875
23 2 -1.82812 0.953125
24 2 -1.85938 0.960938
25 2 -1.79688 0.945312
26 2 -1.8125 0.945312
27 2 -1.8125 0.953125
28 2 -1.75 0.929688
29 2 -1.875 0.960938
30 2 -1.875 0.96875
31 2 -1.78125 0.945312
32 2 -1.78125 0.945312
33 2 -1.82812 0.945312
34 2 -1.79688 0.9375
35 2 -1.6875 0.914062
36 2 -1.6875 0.898438
37 2 -1.625 0.882812
38 2 -1.70312 0.890625
39 2 -1.79688 0.945312
40 2 -1.875 0.960938
41 2 -1.82812 0.953125
42 2 -1.9375 0.984375
43 2 -1.78125 0.929688
44 2 -1.57812 0.835938
45 2 -1.60938 0.867188
46 2 -1.67188 0.898438
47 2 -1.78125 0.9375
48 2 -1.75 0.929688
49 2 -1.84375 0.960938
50 2 -1.8125 0.945312
51 2 -1.75 0.9375
52 2 -1.75 0.929688
53 2 -1.67188 0.898438
54 2 -1.875 0.96875
55 2 -1.8125 0.945312
56 2 -1.875 0.96875
57 2 -1.79688 0.9375
58 2 -1.82812 0.90625
59 2 -1.73438 0.875
60 2 -1.70312 0.882812
61 2 -1.71875 0.90625
62 2 -1.90625 0.976562
63 2 -1.85938 0.960938
64 2 -1.82812 0.953125
65 2 -1.84375 0.960938
66 2 -1.85938 0.960938
67 2 -1.82812 0.953125
68 2 -1.85938 0.960938
69 2 -1.8125 0.953125
70 2 -1.9375 0.984375
71 2 -1.71875 0.929688
72 2 -1.78125 0.9375
73 2 -1.75 0.914062
74 2 -1.76562 0.929688
75 2 -1.59375 0.875
76 2 -1.70312 0.914062
77 2 -1.82812 0.953125
78 2 -1.9375 0.984375
79 2 -1.85938 0.960938
80 2 -1.89062 0.96875
81 2 -1.85938 0.960938
82 2 -1.85938 0.960938
83 2 -1.75 0.929688
84 2 -1.71875 0.929688
85 2 -1.8125 0.945312
86 2 -1.79688 0.945312
87 2 -1.90625 0.976562
88 2 -1.95312 0.984375
89 2 -1.96875 0.992188
90 2 -2 1
91 2 -1.90625 0.976562
92 2 -1.79688 0.945312
93 2 -1.85938 0.960938
94 2 -1.70312 0.898438
95 2 -1.75 0.914062
96 2 -1.67188 0.867188
97 2 -1.79688 0.945312
98 2 -1.82812 0.945312
99 2 -1.85938 0.960938
100 2 -1.95312 0.984375
101 2 -1.875 0.96875
102 2 -1.84375 0.953125
103 2 -1.75 0.9375
104 2 -1.78125 0.945312
105 2 -1.8125 0.9375
106 2 -1.75 0.9375
107 2 -1.78125 0.9375
108 2 -1.8125 0.945312
109 2 -1.6875 0.90625
110 2 -1.70312 0.914062
111 2 -1.67188 0.882812
112 2 -1.53125 0.84375
113 2 -1.65625 0.898438
114 2 -1.67188 0.90625
115 2 -1.89062 0.960938
116 2 -1.92188 0.976562
117 2 -1.90625 0.976562
118 2 -1.89062 0.96875
119 2 -1.85938 0.960938
120 2 -1.85938 0.960938
121 2 -1.90625 0.976562
122 2 -1.78125 0.929688
123 2 -1.79688 0.9375
124 2 -1.73438 0.929688
125 2 -1.79688 0.945312
126 2 -1.82812 0.945312
127 2 -1.79688 0.945312
128 2 -1.82812 0.953125
129 2 -1.78125 0.945312
130 2 -1.875 0.96875
131 2 -1.875 0.96875
132 2 -1.8125 0.945312
133 2 -1.82812 0.953125
134 2 -1.70312 0.914062
135 2 -1.67188 0.898438
136 2 -1.625 0.851562
137 2 -1.70312 0.875
138 2 -1.64062 0.882812
139 2 -1.60938 0.867188
140 2 -1.5625 0.851562
141 2 -1.46875 0.8125
142 2 -1.5 0.8125
143 2 -1.5625 0.828125
144 2 -1.46875 0.726562
145 2 -1.54688 0.8125
146 2 -1.60938 0.867188
147 2 -1.65625 0.851562
148 2 -1.6875 0.867188
149 2 -1.78125 0.90625
150 2 -1.70312 0.90625
151 2 -1.73438 0.914062
152 2 -1.82812 0.9375
153 2 -1.76562 0.90625
154 2 -1.75 0.90625
155 2 -1.6875 0.84375
156 2 -1.70312 0.882812
157 2 -1.875 0.960938
158 2 -1.90625 0.976562
159 2 -1.89062 0.96875
160 2 -1.82812 0.953125
161 2 -1.8125 0.953125
162 2 -1.90625 0.976562
163 2 -1.8125 0.953125
164 2 -1.75 0.921875
165 2 -1.57812 0.867188
166 2 -1.60938 0.828125
167 2 -1.70312 0.875
168 2 -1.75 0.890625
169 2 -1.6875 0.859375
170 2 -1.51562 0.804688
171 2 -1.67188 0.898438
172 2 -1.76562 0.9375
173 2 -1.89062 0.96875
174 2 -1.89062 0.96875
175 2 -1.82812 0.953125
176 2 -1.89062 0.96875
177 2 -1.90625 0.96875
178 2 -1.8125 0.945312
179 2 -1.79688 0.929688
180 2 -1.73438 0.921875
181 2 -1.70312 0.882812
182 2 -1.73438 0.875
183 2 -1.5625 0.828125
184 2 -1.67188 0.867188
185 2 -1.59375 0.804688
186 2 -1.45312 0.703125
187 2 -1.32812 0.648438
188 2 -1.375 0.679688
189 2 -1.46875 0.679688
190 2 -1.375 0.625
191 2 -1.5 0.710938
192 2 -1.46875 0.71875
193 2 -1.40625 0.695312
194 2 -1.35938 0.617188
195 2 -1.46875 0.6875
196 2 -1.57812 0.71875
197 2 -1.59375 0.75
198 2 -1.54688 0.726562
199 2 -1.4375 0.695312
200 2 -1.4375 0.65625
201 2 -1.51562 0.726562
202 2 -1.45312 0.710938
203 2 -1.5625 0.796875
204 2 -1.42188 0.71875
205 2 -1.59375 0.734375
206 2 -1.54688 0.742188
207 2 -1.64062 0.742188
208 2 -1.57812 0.71875
209 2 -1.65625 0.765625
210 2 -1.54688 0.78125
211 2 -1.67188 0.789062
212 2 -1.59375 0.8125
213 2 -1.53125 0.757812
214 2 -1.54688 0.789062
215 2 -1.65625 0.820312
216 2 -1.51562 0.8125
217 2 -1.54688 0.804688
218 2 -1.54688 0.804688
219 2 -1.5 0.804688
220 2 -1.45312 0.804688
221 2 -1.54688 0.8125
222 2 -1.60938 0.859375
223 2 -1.73438 0.921875
224 2 -1.75 0.914062
225 2 -1.82812 0.921875
226 2 -1.71875 0.90625
227 2 -1.5625 0.859375
228 2 -1.625 0.882812
229 2 -1.4375 0.820312
230 2 -1.60938 0.875
231 2 -1.46875 0.796875
232 2 -1.6875 0.890625
233 2 -1.53125 0.84375
234 2 -1.6875 0.867188
235 2 -1.6875 0.882812
236 2 -1.70312 0.898438
237 2 -1.70312 0.90625
238 2 -1.76562 0.90625
239 2 -1.76562 0.921875
240 2 -1.71875 0.914062
241 2 -1.71875 0.914062
242 2 -1.75 0.921875
243 2 -1.8125 0.945312
244 2 -1.67188 0.90625
245 2 -1.76562 0.929688
246 2 -1.76562 0.929688
247 2 -1.8125 0.945312
248 2 -1.75 0.929688
249 2 -1.8125 0.945312
250 2 -1.82812 0.953125
251 2 -1.95312 0.984375
252 2 -1.78125 0.945312
253 2 -1.76562 0.921875
254 2 -1.78125 0.9375
255 2 -1.8125 0.953125
256 2 -1.78125 0.9375
257 2 -1.75 0.929688
258 2 -1.67188 0.898438
259 2 -1.75 0.90625
260 2 -1.71875 0.921875
261 2 -1.76562 0.929688
262 2 -1.84375 0.953125
263 2 -1.84375 0.953125
264 2 -1.8125 0.929688
265 2 -1.6875 0.921875
266 2 -1.76562 0.929688
267 2 -1.8125 0.898438
268 2 -1.8125 0.90625
269 2 -1.67188 0.867188
270 2 -1.625 0.859375
271 2 -1.65625 0.882812
272 2 -1.70312 0.890625
273 2 -1.82812 0.953125
274 2 -1.76562 0.929688
275 2 -1.84375 0.953125
276 2 -1.89062 0.96875
277 2 -1.84375 0.960938
278 2 -2 1
279 2 -1.9375 0.984375
280 2 -1.85938 0.960938
281 2 -1.82812 0.953125
282 2 -1.73438 0.921875
283 2 -1.8125 0.945312
284 2 -1.8125 0.945312
285 2 -1.96875 0.992188
286 2 -1.9375 0.984375
287 2 -1.90625 0.96875
288 2 -1.84375 0.953125
289 2 -1.76562 0.921875
290 2 -1.73438 0.914062
291 2 -1.71875 0.914062
292 2 -1.79688 0.9375
293 2 -1.76562 0.9375
294 2 -1.71875 0.921875
295 2 -1.75 0.921875
296 2 -1.76562 0.9375
297 2 -1.79688 0.945312
298 2 -1.67188 0.90625
299 2 -1.8125 0.945312
300 2 -1.78125 0.929688
301 2 -1.82812 0.953125
302 2 -1.73438 0.914062
303 2 -1.78125 0.945312
304 2 -1.73438 0.929688
305 2 -1.9375 0.984375
306 2 -1.96875 0.992188
307 2 -1.96875 0.992188
308 2 -1.95312 0.984375
309 2 -1.9375 0.984375
310 2 -1.84375 0.960938
311 2 -1.84375 0.960938
312 2 -1.875 0.96875
313 2 -1.82812 0.953125
314 2 -1.76562 0.90625
315 2 -1.70312 0.898438
316 2 -1.57812 0.8125
317 2 -1.60938 0.875
318 2 -1.67188 0.898438
319 2 -1.54688 0.851562
320 2 -1.46875 0.78125
321 2 -1.42188 0.75
322 2 -1.4375 0.71875
323 2 -1.42188 0.679688
324 2 -1.34375 0.695312
325 2 -1.39062 0.726562
326 2 -1.64062 0.828125
327 2 -1.65625 0.859375
328 2 -1.70312 0.890625
329 2 -1.5625 0.835938
330 2 -1.75 0.921875
331 2 -1.6875 0.898438
332 2 -1.8125 0.9375
333 2 -1.85938 0.953125
334 2 -1.8125 0.953125
335 2 -1.79688 0.914062
336 2 -1.75 0.914062
337 2 -1.70312 0.890625
338 2 -1.70312 0.890625
339 2 -1.71875 0.921875
340 2 -1.875 0.96875
341 2 -1.9375 0.984375
342 2 -1.71875 0.921875
343 2 -1.625 0.890625
344 2 -1.92188 0.976562
345 2 -1.96875 0.992188
346 2 -1.82812 0.953125
347 2 -1.65625 0.90625
348 2 -1.79688 0.945312
349 2 -1.84375 0.960938
350 2 -1.64062 0.882812
351 2 -1.73438 0.914062
352 2 -1.70312 0.914062
353 2 -1.875 0.96875
354 2 -1.9375 0.984375
355 2 -1.84375 0.945312
356 2 -1.70312 0.898438
357 2 -1.625 0.867188
358 2 -1.54688 0.851562
359 2 -1.67188 0.898438
360 2 -1.76562 0.921875
361 2 -1.8125 0.945312
362 2 -1.70312 0.914062
363 2 -1.60938 0.859375
364 2 -1.64062 0.859375
365 2 -1.73438 0.90625
366 2 -1.71875 0.90625
367 2 -1.76562 0.921875
368 2 -1.6875 0.898438
369 2 -1.6875 0.890625
370 2 -1.78125 0.9375
371 2 -1.92188 0.976562
372 2 -1.95312 0.984375
373 2 -1.85938 0.960938
374 2 -1.875 0.96875
375 2 -1.78125 0.945312
376 2 -1.89062 0.96875
377 2 -1.875 0.96875
378 2 -1.82812 0.953125
379 2 -1.82812 0.953125
380 2 -1.875 0.960938
381 2 -1.90625 0.960938
382 2 -1.78125 0.9375
383 2 -1.6875 0.914062
384 2 -1.73438 0.929688
385 2 -1.78125 0.914062
386 2 -1.85938 0.9375
387 2 -1.79688 0.929688
388 2 -1.6875 0.898438
389 2 -1.70312 0.914062
390 2 -1.5625 0.84375
391 2 -1.625 0.890625
392 2 -1.78125 0.945312
393 2 -1.76562 0.929688
394 2 -1.6875 0.851562
395 2 -1.6875 0.882812
396 2 -1.6875 0.890625
397 2 -1.64062 0.875
398 2 -1.70312 0.898438
399 2 -1.5625 0.84375
400 2 -1.59375 0.859375
401 2 -1.67188 0.867188
402 2 -1.64062 0.851562
403 2 -1.57812 0.835938
404 2 -1.625 0.875
405 2 -1.73438 0.898438
406 2 -1.76562 0.921875
407 2 -1.73438 0.929688
408 2 -1.76562 0.9375
409 2 -1.70312 0.914062
410 2 -1.76562 0.929688
411 2 -1.8125 0.953125
412 2 -1.89062 0.96875
413 2 -1.875 0.96875
414 2 -1.79688 0.945312
415 2 -1.84375 0.960938
416 2 -1.8125 0.929688
417 2 -1.75 0.929688
418 2 -1.78125 0.929688
419 2 -1.84375 0.960938
420 2 -1.8125 0.945312
421 2 -1.79688 0.945312
422 2 -1.78125 0.929688
423 2 -1.71875 0.90625
424 2 -1.71875 0.921875
425 2 -1.71875 0.90625
426 2 -1.60938 0.859375
427 2 -1.8125 0.914062
428 2 -1.84375 0.953125
429 2 -1.67188 0.90625
430 2 -1.64062 0.90625
431 2 -1.71875 0.914062
432 2 -1.70312 0.898438
433 2 -1.67188 0.890625
434 2 -1.70312 0.914062
435 2 -1.6875 0.882812
436 2 -1.75 0.875
437 2 -1.78125 0.914062
438 2 -1.85938 0.960938
439 2 -1.85938 0.960938
440 2 -1.79688 0.921875
441 2 -1.71875 0.890625
442 2 -1.75 0.914062
443 2 -1.71875 0.914062
444 2 -1.8125 0.9375
445 2 -1.76562 0.929688
446 2 -1.82812 0.953125
447 2 -1.78125 0.929688
448 2 -1.8125 0.945312
449 2 -1.79688 0.945312
450 2 -1.71875 0.921875
451 2 -1.70312 0.90625
452 2 -1.75 0.921875
453 2 -1.79688 0.9375
454 2 -1.71875 0.90625
455 2 -1.65625 0.898438
456 2 -1.84375 0.960938
457 2 -1.875 0.960938
458 2 -1.78125 0.9375
459 2 -1.71875 0.921875
460 2 -1.65625 0.890625
461 2 -1.53125 0.835938
462 2 -1.65625 0.90625
463 2 -1.64062 0.90625
464 2 -1.64062 0.851562
465 2 -1.64062 0.859375
466 2 -1.75 0.929688
467 2 -1.79688 0.9375
468 2 -1.60938 0.875
469 2 -1.57812 0.851562
470 2 -1.5625 0.859375
471 2 -1.5625 0.84375
472 2 -1.5625 0.875
473 2 -1.85938 0.960938
474 2 -1.8125 0.953125
475 2 -1.8125 0.945312
476 2 -1.79688 0.9375
477 2 -1.8125 0.9375
478 2 -1.6875 0.90625
479 2 -1.60938 0.875
480 2 -1.67188 0.882812
481 2 -1.8125 0.945312
482 2 -1.78125 0.9375
483 2 -1.76562 0.921875
484 2 -1.57812 0.851562
485 2 -1.5625 0.851562
486 2 -1.67188 0.882812
487 2 -1.60938 0.851562
488 2 -1.70312 0.882812
489 2 -1.67188 0.882812
490 2 -1.65625 0.890625
491 2 -1.60938 0.875
492 2 -1.53125 0.820312
493 2 -1.53125 0.828125
494 2 -1.5 0.804688
495 2 -1.5625 0.84375
496 2 -1.53125 0.859375
497 2 -1.78125 0.945312
498 2 -1.75 0.929688
499 2 -1.75 0.921875
500 2 -1.79688 0.9375
501 2 -1.8125 0.945312
502 2 -1.75 0.921875
503 2 -1.90625 0.976562
504 2 -1.875 0.960938
505 2 -1.85938 0.945312
506 2 -1.6875 0.890625
507 2 -1.67188 0.890625
508 2 -1.65625 0.859375
509 2 -1.5625 0.859375
510 2 -1.51562 0.859375
511 2 -1.71875 0.898438
512 2 -1.6875 0.921875
513 2 -1.75 0.898438
514 2 -1.6875 0.90625
515 2 -1.76562 0.914062
516 2 -1.73438 0.898438
517 2 -1.73438 0.921875
518 2 -1.76562 0.929688
519 2 -1.78125 0.921875
520 2 -1.75 0.921875
521 2 -1.78125 0.929688
522 2 -1.71875 0.914062
523 2 -1.70312 0.914062
524 2 -1.8125 0.953125
525 2 -1.71875 0.914062
526 2 -1.78125 0.9375
527 2 -1.78125 0.921875
528 2 -1.875 0.96875
529 2 -1.90625 0.976562
530 2 -1.84375 0.960938
531 2 -1.75 0.929688
532 2 -1.79688 0.945312
533 2 -1.79688 0.945312
534 2 -1.65625 0.898438
535 2 -1.6875 0.914062
536 2 -1.84375 0.960938
537 2 -1.79688 0.945312
538 2 -1.89062 0.96875
539 2 -1.92188 0.976562
540 2 -1.8125 0.945312
541 2 -1.84375 0.953125
542 2 -1.85938 0.960938
543 2 -1.79688 0.929688
544 2 -1.71875 0.921875
545 2 -1.79688 0.929688
546 2 -1.76562 0.929688
547 2 -1.73438 0.914062
548 2 -1.875 0.960938
549 2 -1.79688 0.929688
550 2 -1.8125 0.9375
551 2 -1.79688 0.914062
552 2 -1.75 0.90625
553 2 -1.70312 0.90625
554 2 -1.76562 0.9375
555 2 -1.82812 0.945312
556 2 -1.875 0.960938
557 2 -1.89062 0.96875
558 2 -1.90625 0.976562
559 2 -1.9375 0.984375
560 2 -1.85938 0.960938
561 2 -1.90625 0.976562
562 2 -1.84375 0.960938
563 2 -1.82812 0.953125
564 2 -1.75 0.929688
565 2 -1.6875 0.898438
566 2 -1.6875 0.882812
567 2 -1.8125 0.929688
568 2 -1.78125 0.921875
569 2 -1.70312 0.898438
570 2 -1.65625 0.890625
571 2 -1.67188 0.875
572 2 -1.76562 0.929688
573 2 -1.84375 0.953125
574 2 -1.73438 0.929688
575 2 -1.8125 0.9375
576 2 -1.79688 0.929688
577 2 -1.625 0.890625
578 2 -1.625 0.898438
579 2 -1.65625 0.859375
580 2 -1.67188 0.882812
581 2 -1.67188 0.875
582 2 -1.70312 0.898438
583 2 -1.70312 0.875
584 2 -1.75 0.914062
585 2 -1.71875 0.898438
586 2 -1.70312 0.90625
587 2 -1.76562 0.9375
588 2 -1.67188 0.898438
589 2 -1.51562 0.835938
590 2 -1.64062 0.875
591 2 -1.79688 0.914062
592 2 -1.79688 0.9375
593 2 -1.76562 0.9375
594 2 -1.6875 0.890625
595 2 -1.82812 0.953125
596 2 -1.76562 0.9375
597 2 -1.75 0.9375
598 2 -1.79688 0.9375
599 2 -1.8125 0.9375
600 2 -1.79688 0.945312
601 2 -1.8125 0.945312
602 2 -1.79688 0.9375
603 2 -1.64062 0.898438
604 2 -1.8125 0.945312
605 2 -1.67188 0.898438
606 2 -1.625 0.859375
607 2 -1.64062 0.828125
608 2 -1.79688 0.90625
609 2 -1.67188 0.875
610 2 -1.875 0.945312
611 2 -1.78125 0.929688
612 2 -1.65625 0.867188
613 2 -1.625 0.867188
614 2 -1.625 0.859375
615 2 -1.65625 0.851562
616 2 -1.60938 0.835938
617 2 -1.79688 0.921875
618 2 -1.75 0.914062
619 2 -1.71875 0.898438
620 2 -1.75 0.90625
621 2 -1.75 0.914062
622 2 -1.71875 0.890625
623 2 -1.59375 0.859375
624 2 -1.60938 0.84375
625 2 -1.5 0.804688
626 2 -1.28125 0.71875
627 2 -1.39062 0.734375
628 2 -1.375 0.742188
629 2 -1.625 0.859375
630 2 -1.54688 0.84375
631 2 -1.78125 0.898438
632 2 -1.84375 0.90625
633 2 -1.78125 0.921875
634 2 -1.6875 0.882812
635 2 -1.64062 0.875
636 2 -1.64062 0.882812
637 2 -1.79688 0.9375
638 2 -1.78125 0.929688
639 2 -1.79688 0.9375
640 2 -1.82812 0.9375
641 2 -1.84375 0.953125
642 2 -1.8125 0.945312
643 2 -1.75 0.914062
644 2 -1.6875 0.90625
645 2 -1.64062 0.898438
646 2 -1.6875 0.90625
647 2 -1.71875 0.914062
648 2 -1.64062 0.898438
649 2 -1.5 0.851562
650 2 -1.5 0.835938
651 2 -1.54688 0.804688
652 2 -1.625 0.734375
653 2 -1.57812 0.734375
654 2 -1.59375 0.773438
655 2 -1.6875 0.796875
656 2 -1.5625 0.726562
657 2 -1.64062 0.773438
658 2 -1.64062 0.78125
659 2 -1.6875 0.8125
660 2 -1.71875 0.835938
661 2 -1.67188 0.835938
662 2 -1.6875 0.859375
663 2 -1.65625 0.859375
664 2 -1.71875 0.851562
665 2 -1.76562 0.859375
666 2 -1.65625 0.835938
667 2 -1.625 0.789062
668 2 -1.65625 0.875
669 2 -1.64062 0.867188
670 2 -1.60938 0.875
671 2 -1.57812 0.875
672 2 -1.73438 0.914062
673 2 -1.89062 0.9375
674 2 -1.78125 0.90625
675 2 -1.71875 0.890625
676 2 -1.73438 0.890625
677 2 -1.73438 0.921875
678 2 -1.67188 0.890625
679 2 -1.6875 0.90625
680 2 -1.76562 0.9375
681 2 -1.76562 0.929688
682 2 -1.67188 0.898438
683 2 -1.6875 0.898438
684 2 -1.73438 0.929688
685 2 -1.75 0.921875
686 2 -1.73438 0.882812
687 2 -1.8125 0.945312
688 2 -1.79688 0.9375
689 2 -1.65625 0.875
690 2 -1.625 0.890625
691 2 -1.90625 0.976562
692 2 -1.84375 0.953125
693 2 -1.78125 0.882812
694 2 -1.73438 0.898438
695 2 -1.78125 0.929688
696 2 -1.82812 0.953125
697 2 -1.71875 0.914062
698 2 -1.73438 0.914062
699 2 -1.79688 0.9375
700 2 -1.76562 0.9375
701 2 -1.76562 0.9375
702 2 -1.82812 0.953125
703 2 -1.875 0.96875
704 2 -1.82812 0.953125
705 2 -1.84375 0.953125
706 2 -1.92188 0.96875
707 2 -1.875 0.96875
708 2 -1.78125 0.9375
709 2 -1.85938 0.953125
710 2 -1.8125 0.945312
711 2 -1.73438 0.90625
712 2 -1.78125 0.929688
713 2 -1.71875 0.898438
714 2 -1.8125 0.945312
715 2 -1.82812 0.953125
716 2 -1.8125 0.929688
717 2 -1.75 0.929688
718 2 -1.6875 0.90625
719 2 -1.78125 0.9375
720 2 -1.71875 0.914062
721 2 -1.67188 0.898438
722 2 -1.65625 0.867188
723 2 -1.64062 0.867188
724 2 -1.64062 0.867188
725 2 -1.73438 0.929688
726 2 -1.85938 0.953125
727 2 -1.90625 0.96875
728 2 -1.70312 0.914062
729 2 -1.8125 0.953125
730 2 -1.6875 0.914062
731 2 -1.73438 0.921875
732 2 -1.70312 0.90625
733 2 -1.65625 0.898438
734 2 -1.75 0.914062
735 2 -1.82812 0.929688
736 2 -1.76562 0.890625
737 2 -1.71875 0.898438
738 2 -1.73438 0.921875
739 2 -1.75 0.929688
740 2 -1.71875 0.90625
741 2 -1.75 0.921875
742 2 -1.84375 0.953125
743 2 -1.82812 0.945312
744 2 -1.70312 0.90625
745 2 -1.625 0.867188
746 2 -1.78125 0.9375
747 2 -1.73438 0.921875
748 2 -1.78125 0.914062
749 2 -1.71875 0.898438
750 2 -1.73438 0.882812
751 2 -1.57812 0.882812
752 2 -1.8125 0.9375
753 2 -1.71875 0.914062
754 2 -1.6875 0.914062
755 2 -1.6875 0.898438
756 2 -1.73438 0.914062
757 2 -1.6875 0.914062
758 2 -1.64062 0.882812
759 2 -1.71875 0.890625
760 2 -1.6875 0.90625
761 2 -1.625 0.890625
762 2 -1.71875 0.90625
763 2 -1.75 0.929688
764 2 -1.84375 0.953125
765 2 -1.84375 0.960938
766 2 -1.73438 0.914062
767 2 -1.67188 0.90625
768 2 -1.6875 0.90625
769 2 -1.78125 0.9375
770 2 -1.82812 0.953125
771 2 -1.85938 0.960938
772 2 -1.79688 0.945312
773 2 -1.82812 0.953125
774 2 -1.8125 0.929688
775 2 -1.90625 0.976562
776 2 -1.84375 0.953125
777 2 -1.75 0.898438
778 2 -1.6875 0.882812
779 2 -1.60938 0.859375
780 2 -1.625 0.882812
781 2 -1.75 0.921875
782 2 -1.70312 0.921875
783 2 -1.6875 0.914062
784 2 -1.875 0.96875
785 2 -1.85938 0.960938
786 2 -1.78125 0.9375
787 2 -1.75 0.929688
788 2 -1.79688 0.921875
789 2 -1.6875 0.898438
790 2 -1.59375 0.875
791 2 -1.73438 0.898438
792 2 -1.79688 0.90625
793 2 -1.79688 0.9375
794 2 -1.75 0.914062
795 2 -1.6875 0.859375
796 2 -1.67188 0.859375
797 2 -1.60938 0.804688
798 2 -1.65625 0.8125
799 2 -1.6875 0.8125
800 2 -1.6875 0.875
801 2 -1.625 0.859375
802 2 -1.60938 0.835938
803 2 -1.6875 0.890625
804 2 -1.82812 0.921875
805 2 -1.78125 0.90625
806 2 -1.79688 0.882812
807 2 -1.71875 0.90625
808 2 -1.8125 0.9375
809 2 -1.76562 0.929688
810 2 -1.875 0.96875
811 2 -1.84375 0.960938
812 2 -1.9375 0.984375
813 2 -1.89062 0.96875
814 2 -1.875 0.96875
815 2 -1.8125 0.945312
816 2 -1.82812 0.953125
817 2 -1.8125 0.953125
818 2 -1.84375 0.953125
819 2 -1.85938 0.960938
820 2 -1.82812 0.9375
821 2 -1.84375 0.953125
822 2 -1.67188 0.914062
823 2 -1.73438 0.914062
824 2 -1.76562 0.929688
825 2 -1.8125 0.945312
826 2 -1.625 0.898438
827 2 -1.65625 0.898438
828 2 -1.71875 0.921875
829 2 -1.75 0.921875
830 2 -1.78125 0.9375
831 2 -1.79688 0.929688
832 2 -1.79688 0.929688
833 2 -1.82812 0.921875
834 2 -1.70312 0.90625
835 2 -1.76562 0.9375
836 2 -1.73438 0.914062
837 2 -1.75 0.921875
838 2 -1.70312 0.875
839 2 -1.60938 0.867188
840 2 -1.65625 0.890625
841 2 -1.54688 0.828125
842 2 -1.51562 0.835938
843 2 -1.5625 0.84375
844 2 -1.64062 0.890625
845 2 -1.82812 0.945312
846 2 -1.89062 0.96875
847 2 -1.76562 0.9375
848 2 -1.70312 0.90625
849 2 -1.70312 0.921875
850 2 -1.75 0.921875
851 2 -1.71875 0.914062
852 2 -1.67188 0.898438
853 2 -1.70312 0.914062
854 2 -1.625 0.890625
855 2 -1.78125 0.9375
856 2 -1.875 0.96875
857 2 -1.78125 0.9375
858 2 -1.71875 0.921875
859 2 -1.75 0.9375
860 2 -1.82812 0.953125
861 2 -1.85938 0.960938
862 2 -1.78125 0.9375
863 2 -1.71875 0.914062
864 2 -1.875 0.96875
865 2 -1.73438 0.921875
866 2 -1.73438 0.921875
867 2 -1.78125 0.9375
868 2 -1.875 0.960938
869 2 -1.82812 0.953125
870 2 -1.79688 0.9375
871 2 -1.875 0.960938
872 2 -1.73438 0.921875
873 2 -1.79688 0.914062
874 2 -1.82812 0.945312
875 2 -1.73438 0.914062
876 2 -1.60938 0.875
877 2 -1.6875 0.921875
878 2 -1.73438 0.929688
879 2 -1.67188 0.898438
880 2 -1.60938 0.882812
881 2 -1.53125 0.835938
882 2 -1.60938 0.867188
883 2 -1.71875 0.882812
884 2 -1.71875 0.875
885 2 -1.75 0.890625
886 2 -1.76562 0.859375
887 2 -1.78125 0.929688
888 2 -1.82812 0.929688
889 2 -1.73438 0.921875
890 2 -1.84375 0.960938
891 2 -1.84375 0.960938
892 2 -1.8125 0.921875
893 2 -1.59375 0.828125
894 2 -1.6875 0.890625
895 2 -1.79688 0.9375
896 2 -1.84375 0.960938
897 2 -1.82812 0.945312
898 2 -1.78125 0.921875
899 2 -1.75 0.929688
900 2 -1.59375 0.890625
901 2 -1.76562 0.9375
902 2 -1.75 0.9375
903 2 -1.75 0.929688
904 2 -1.875 0.96875
905 2 -1.85938 0.960938
906 2 -1.84375 0.960938
907 2 -1.73438 0.914062
908 2 -1.60938 0.875
909 2 -1.59375 0.828125
910 2 -1.48438 0.820312
911 2 -1.57812 0.820312
912 2 -1.59375 0.851562
913 2 -1.53125 0.835938
914 2 -1.65625 0.875
915 2 -1.67188 0.898438
916 2 -1.6875 0.90625
917 2 -1.8125 0.945312
918 2 -1.84375 0.960938
919 2 -1.875 0.96875
920 2 -1.79688 0.9375
921 2 -1.82812 0.9375
922 2 -1.78125 0.921875
923 2 -1.65625 0.882812
924 2 -1.57812 0.84375
925 2 -1.51562 0.804688
926 2 -1.51562 0.8125
927 2 -1.67188 0.851562
928 2 -1.67188 0.867188
929 2 -1.84375 0.9375
930 2 -1.84375 0.9375
931 2 -1.84375 0.953125
932 2 -1.73438 0.914062
933 2 -1.78125 0.945312
934 2 -1.79688 0.945312
935 2 -1.90625 0.976562
936 2 -1.90625 0.976562
937 2 -1.82812 0.953125
938 2 -1.84375 0.960938
939 2 -1.8125 0.953125
940 2 -1.79688 0.945312
941 2 -1.84375 0.953125
942 2 -1.70312 0.898438
943 2 -1.59375 0.882812
944 2 -1.78125 0.9375
945 2 -1.875 0.953125
946 2 -1.89062 0.96875
947 2 -1.79688 0.9375
948 2 -1.73438 0.921875
949 2 -1.84375 0.953125
950 2 -1.76562 0.921875
951 2 -1.73438 0.882812
952 2 -1.65625 0.796875
953 2 -1.82812 0.851562
954 2 -1.73438 0.804688
955 2 -1.64062 0.804688
956 2 -1.67188 0.859375
957 2 -1.54688 0.8125
958 2 -1.60938 0.804688
959 2 -1.70312 0.851562
960 2 -1.67188 0.84375
961 2 -1.64062 0.84375
962 2 -1.8125 0.929688
963 2 -1.76562 0.921875
964 2 -1.79688 0.929688
965 2 -1.70312 0.90625
966 2 -1.51562 0.820312
967 2 -1.53125 0.820312
968 2 -1.51562 0.835938
969 2 -1.57812 0.867188
970 2 -1.6875 0.890625
971 2 -1.5625 0.828125
972 2 -1.75 0.914062
973 2 -1.8125 0.945312
974 2 -1.78125 0.9375
975 2 -1.79688 0.929688
976 2 -1.70312 0.90625
977 2 -1.76562 0.898438
978 2 -1.85938 0.953125
979 2 -1.84375 0.953125
980 2 -1.79688 0.9375
981 2 -1.78125 0.9375
982 2 -1.79688 0.945312
983 2 -1.84375 0.960938
984 2 -1.85938 0.960938
985 2 -1.84375 0.953125
986 2 -1.90625 0.976562
987 2 -1.78125 0.929688
988 2 -1.6875 0.867188
989 2 -1.71875 0.898438
990 2 -1.60938 0.890625
991 2 -1.78125 0.9375
992 2 -1.71875 0.90625
993 2 -1.67188 0.898438
994 2 -1.75 0.929688
995 2 -1.85938 0.945312
996 2 -1.90625 0.976562
997 2 -1.92188 0.976562
998 2 -1.85938 0.945312
999 2 -1.82812 0.9375
1000 2 -1.875 0.960938
1001 2 -1.71875 0.921875
1002 2 -1.78125 0.9375
1003 2 -1.79688 0.9375
1004 2 -1.70312 0.875
1005 2 -1.59375 0.804688
1006 2 -1.54688 0.757812
1007 2 -1.75 0.921875
1008 2 -1.67188 0.898438
1009 2 -1.73438 0.929688
1010 2 -1.76562 0.9375
1011 2 -1.79688 0.945312
1012 2 -1.71875 0.914062
1013 2 -1.6875 0.90625
1014 2 -1.875 0.96875
1015 2 -1.82812 0.953125
1016 2 -1.75 0.921875
1017 2 -1.84375 0.960938
1018 2 -1.84375 0.960938
1019 2 -1.78125 0.929688
1020 2 -1.71875 0.914062
1021 2 -1.78125 0.929688
1022 2 -1.76562 0.921875
1023 2 -1.79688 0.929688
1024 2 -1.875 0.96875
1025 2 -1.90625 0.976562
1026 2 -1.82812 0.953125
1027 2 -1.89062 0.96875
1028 2 -1.875 0.96875
1029 2 -1.84375 0.953125
1030 2 -1.76562 0.9375
1031 2 -1.78125 0.945312
1032 2 -1.73438 0.921875
1033 2 -1.875 0.96875
1034 2 -1.8125 0.945312
1035 2 -1.82812 0.953125
1036 2 -1.76562 0.9375
1037 2 -1.85938 0.960938
1038 2 -1.70312 0.921875
1039 2 -1.8125 0.953125
1040 2 -1.82812 0.953125
1041 2 -1.84375 0.953125
1042 2 -1.84375 0.953125
1043 2 -1.85938 0.960938
1044 2 -1.79688 0.945312
1045 2 -1.76562 0.9375
1046 2 -1.625 0.890625
1047 2 -1.65625 0.898438
1048 2 -1.625 0.882812
1049 2 -1.625 0.867188
1050 2 -1.79688 0.929688
1051 2 -1.78125 0.921875
1052 2 -1.75 0.929688
1053 2 -1.84375 0.960938
1054 2 -1.70312 0.921875
1055 2 -1.84375 0.953125
1056 2 -1.75 0.929688
1057 2 -1.73438 0.875
1058 2 -1.70312 0.859375
1059 2 -1.75 0.921875
1060 2 -1.8125 0.945312
1061 2 -1.70312 0.890625
1062 2 -1.75 0.929688
1063 2 -1.76562 0.929688
1064 2 -1.8125 0.953125
1065 2 -1.82812 0.945312
1066 2 -1.67188 0.90625
1067 2 -1.75 0.929688
1068 2 -1.70312 0.914062
1069 2 -1.57812 0.867188
1070 2 -1.57812 0.828125
1071 2 -1.5625 0.8125
1072 2 -1.65625 0.859375
1073 2 -1.64062 0.828125
1074 2 -1.76562 0.890625
1075 2 -1.5625 0.820312
1076 2 -1.53125 0.757812
1077 2 -1.625 0.835938
1078 2 -1.57812 0.851562
1079 2 -1.65625 0.90625
1080 2 -1.85938 0.953125
1081 2 -1.71875 0.90625
1082 2 -1.64062 0.890625
1083 2 -1.625 0.890625
1084 2 -1.71875 0.921875
1085 2 -1.6875 0.90625
1086 2 -1.70312 0.914062
1087 2 -1.71875 0.875
1088 2 -1.65625 0.875
1089 2 -1.625 0.851562
1090 2 -1.76562 0.90625
1091 2 -1.73438 0.914062
1092 2 -1.70312 0.90625
1093 2 -1.5625 0.84375
1094 2 -1.51562 0.8125
1095 2 -1.4375 0.757812
1096 2 -1.54688 0.820312
1097 2 -1.625 0.835938
1098 2 -1.67188 0.84375
1099 2 -1.71875 0.882812
1100 2 -1.67188 0.882812
1101 2 -1.60938 0.835938
1102 2 -1.53125 0.796875
1103 2 -1.54688 0.8125
1104 2 -1.625 0.84375
1105 2 -1.625 0.828125
1106 2 -1.64062 0.835938
1107 2 -1.5 0.8125
1108 2 -1.59375 0.851562
1109 2 -1.5 0.84375
1110 2 -1.76562 0.929688
1111 2 -1.75 0.921875
1112 2 -1.75 0.90625
1113 2 -1.76562 0.929688
1114 2 -1.92188 0.976562
1115 2 -1.71875 0.914062
1116 2 -1.89062 0.96875
1117 2 -1.85938 0.960938
1118 2 -1.79688 0.945312
1119 2 -1.92188 0.976562
1120 2 -1.84375 0.953125
1121 2 -1.76562 0.929688
1122 2 -1.67188 0.890625
1123 2 -1.60938 0.867188
1124 2 -1.53125 0.828125
1125 2 -1.53125 0.78125
1126 2 -1.57812 0.8125
1127 2 -1.53125 0.78125
1128 2 -1.46875 0.804688
1129 2 -1.64062 0.867188
1130 2 -1.75 0.921875
1131 2 -1.78125 0.9375
1132 2 -1.6875 0.890625
1133 2 -1.70312 0.890625
1134 2 -1.65625 0.875
1135 2 -1.73438 0.875
1136 2 -1.625 0.859375
1137 2 -1.67188 0.890625
1138 2 -1.76562 0.9375
1139 2 -1.90625 0.976562
1140 2 -1.9375 0.984375
1141 2 -1.84375 0.960938
1142 2 -1.875 0.96875
1143 2 -1.8125 0.945312
1144 2 -1.9375 0.984375
1145 2 -1.84375 0.960938
1146 2 -1.85938 0.953125
1147 2 -1.85938 0.960938
1148 2 -1.92188 0.976562
1149 2 -1.84375 0.960938
1150 2 -1.82812 0.929688
1151 2 -1.78125 0.9375
1152 2 -1.6875 0.890625
1153 2 -1.67188 0.882812
1154 2 -1.70312 0.898438
1155 2 -1.625 0.875
1156 2 -1.5625 0.804688
1157 2 -1.64062 0.867188
1158 2 -1.59375 0.84375
1159 2 -1.6875 0.882812
1160 2 -1.71875 0.890625
1161 2 -1.6875 0.90625
1162 2 -1.75 0.929688
1163 2 -1.70312 0.921875
1164 2 -1.84375 0.953125
1165 2 -1.78125 0.929688
1166 2 -1.82812 0.953125
1167 2 -1.78125 0.945312
1168 2 -1.75 0.929688
1169 2 -1.79688 0.9375
1170 2 -1.84375 0.953125
1171 2 -1.92188 0.976562
1172 2 -2 1
1173 2 -1.96875 0.992188
1174 2 -1.89062 0.96875
1175 2 -1.84375 0.953125
1176 2 -1.8125 0.945312
1177 2 -1.73438 0.921875
1178 2 -1.84375 0.960938
1179 2 -1.90625 0.976562
1180 2 -1.875 0.960938
1181 2 -1.71875 0.90625
1182 2 -1.6875 0.90625
1183 2 -1.67188 0.882812
1184 2 -1.71875 0.882812
1185 2 -1.79688 0.9375
1186 2 -1.76562 0.929688
1187 2 -1.8125 0.945312
1188 2 -1.70312 0.898438
1189 2 -1.6875 0.875
1190 2 -1.73438 0.914062
1191 2 -1.84375 0.953125
1192 2 -1.6875 0.898438
1193 2 -1.79688 0.9375
1194 2 -1.73438 0.90625
1195 2 -1.71875 0.898438
1196 2 -1.70312 0.90625
1197 2 -1.65625 0.898438
1198 2 -1.67188 0.875
1199 2 -1.75 0.921875
1200 2 -1.78125 0.9375
1201 2 -1.84375 0.945312
1202 2 -1.70312 0.914062
1203 2 -1.79688 0.945312
1204 2 -1.89062 0.96875
1205 2 -1.875 0.96875
1206 2 -1.8125 0.945312
1207 2 -1.8125 0.945312
1208 2 -1.70312 0.914062
1209 2 -1.70312 0.898438
1210 2 -1.6875 0.90625
1211 2 -1.78125 0.945312
1212 2 -1.6875 0.90625
1213 2 -1.65625 0.882812
1214 2 -1.70312 0.914062
1215 2 -1.9375 0.984375
1216 2 -1.89062 0.96875
1217 2 -1.8125 0.945312
1218 2 -1.8125 0.929688
1219 2 -1.76562 0.921875
1220 2 -1.84375 0.953125
1221 2 -1.78125 0.9375
1222 2 -1.64062 0.882812
1223 2 -1.67188 0.882812
1224 2 -1.625 0.890625
1225 2 -1.60938 0.882812
1226 2 -1.70312 0.882812
1227 2 -1.70312 0.890625
1228 2 -1.71875 0.921875
1229 2 -1.65625 0.851562
1230 2 -1.73438 0.921875
1231 2 -1.84375 0.960938
1232 2 -1.8125 0.953125
1233 2 -1.8125 0.953125
1234 2 -1.85938 0.953125
1235 2 -1.79688 0.945312
1236 2 -1.96875 0.992188
1237 2 -1.84375 0.960938
1238 2 -1.875 0.96875
1239 2 -1.79688 0.945312
1240 2 -1.6875 0.90625
1241 2 -1.71875 0.898438
1242 2 -1.64062 0.890625
1243 2 -1.71875 0.921875
1244 2 -1.6875 0.898438
1245 2 -1.67188 0.890625
1246 2 -1.84375 0.953125
1247 2 -1.79688 0.945312
1248 2 -1.85938 0.953125
1249 2 -1.85938 0.960938
1250 2 -1.9375 0.984375
1251 2 -1.78125 0.945312
1252 2 -1.6875 0.914062
1253 2 -1.6875 0.898438
1254 2 -1.78125 0.921875
1255 2 -1.78125 0.929688
1256 2 -1.75 0.90625
1257 2 -1.8125 0.9375
1258 2 -1.73438 0.921875
1259 2 -1.67188 0.898438
1260 2 -1.76562 0.929688
1261 2 -1.6875 0.90625
1262 2 -1.875 0.960938
1263 2 -1.90625 0.96875
1264 2 -1.78125 0.921875
1265 2 -1.60938 0.867188
1266 2 -1.64062 0.867188
1267 2 -1.875 0.960938
1268 2 -1.9375 0.976562
1269 2 -1.71875 0.914062
1270 2 -1.82812 0.953125
1271 2 -1.76562 0.914062
1272 2 -1.6875 0.914062
1273 2 -1.875 0.960938
1274 2 -1.89062 0.96875
1275 2 -1.9375 0.984375
1276 2 -1.875 0.960938
1277 2 -1.84375 0.960938
1278 2 -1.8125 0.953125
1279 2 -1.75 0.929688
1280 2 -1.84375 0.953125
1281 2 -1.85938 0.960938
1282 2 -1.67188 0.90625
1283 2 -1.79688 0.9375
1284 2 -1.85938 0.953125
1285 2 -1.70312 0.921875
1286 2 -1.84375 0.960938
1287 2 -1.73438 0.921875
1288 2 -1.79688 0.945312
1289 2 -1.76562 0.9375
1290 2 -1.67188 0.890625
1291 2 -1.75 0.914062
1292 2 -1.75 0.882812
1293 2 -1.70312 0.875
1294 2 -1.78125 0.921875
1295 2 -1.75 0.921875
1296 2 -1.85938 0.9375
1297 2 -1.79688 0.914062
1298 2 -1.75 0.867188
1299 2 -1.8125 0.890625
1300 2 -1.73438 0.867188
1301 2 -1.71875 0.890625
1302 2 -1.71875 0.90625
1303 2 -1.57812 0.851562
1304 2 -1.625 0.867188
1305 2 -1.67188 0.890625
1306 2 -1.65625 0.898438
1307 2 -1.60938 0.875
1308 2 -1.70312 0.921875
1309 2 -1.67188 0.898438
1310 2 -1.71875 0.921875
1311 2 -1.67188 0.90625
1312 2 -1.76562 0.921875
1313 2 -1.64062 0.882812
1314 2 -1.76562 0.929688
1315 2 -1.79688 0.945312
1316 2 -1.75 0.929688
1317 2 -1.70312 0.914062
1318 2 -1.6875 0.914062
1319 2 -1.59375 0.859375
1320 2 -1.64062 0.882812
1321 2 -1.75 0.90625
1322 2 -1.79688 0.921875
1323 2 -1.8125 0.953125
1324 2 -1.8125 0.945312
1325 2 -1.73438 0.914062
1326 2 -1.64062 0.867188
1327 2 -1.71875 0.90625
1328 2 -1.82812 0.953125
1329 2 -1.84375 0.960938
1330 2 -1.85938 0.960938
1331 2 -1.90625 0.976562
1332 2 -1.73438 0.921875
1333 2 -1.67188 0.898438
1334 2 -1.82812 0.953125
1335 2 -1.92188 0.976562
1336 2 -1.85938 0.960938
1337 2 -1.82812 0.953125
1338 2 -1.75 0.929688
1339 2 -1.76562 0.9375
1340 2 -1.875 0.96875
1341 2 -1.71875 0.921875
1342 2 -1.6875 0.914062
1343 2 -1.78125 0.9375
1344 2 -1.875 0.953125
1345 2 -1.85938 0.953125
1346 2 -1.82812 0.945312
1347 2 -1.6875 0.914062
1348 2 -1.90625 0.976562
1349 2 -1.84375 0.9375
1350 2 -1.79688 0.945312
1351 2 -1.8125 0.953125
1352 2 -1.73438 0.914062
1353 2 -1.67188 0.882812
1354 2 -1.79688 0.9375
1355 2 -1.70312 0.890625
1356 2 -1.67188 0.898438
1357 2 -1.57812 0.835938
1358 2 -1.51562 0.804688
1359 2 -1.59375 0.820312
1360 2 -1.60938 0.828125
1361 2 -1.59375 0.867188
1362 2 -1.71875 0.914062
1363 2 -1.65625 0.890625
1364 2 -1.65625 0.90625
1365 2 -1.73438 0.875
1366 2 -1.82812 0.929688
1367 2 -1.70312 0.914062
1368 2 -1.76562 0.921875
1369 2 -1.70312 0.90625
1370 2 -1.5625 0.828125
1371 2 -1.59375 0.859375
1372 2 -1.53125 0.8125
1373 2 -1.51562 0.78125
1374 2 -1.76562 0.882812
1375 2 -1.6875 0.859375
1376 2 -1.75 0.914062
1377 2 -1.79688 0.9375
1378 2 -1.84375 0.953125
1379 2 -1.79688 0.929688
1380 2 -1.73438 0.90625
1381 2 -1.6875 0.890625
1382 2 -1.79688 0.929688
1383 2 -1.71875 0.90625
1384 2 -1.78125 0.9375
1385 2 -1.57812 0.84375
1386 2 -1.625 0.890625
1387 2 -1.54688 0.835938
1388 2 -1.46875 0.8125
1389 2 -1.57812 0.867188
1390 2 -1.625 0.890625
1391 2 -1.84375 0.960938
1392 2 -1.96875 0.992188
1393 2 -1.90625 0.976562
1394 2 -1.90625 0.976562
1395 2 -1.75 0.929688
1396 2 -1.78125 0.9375
1397 2 -1.84375 0.960938
1398 2 -1.8125 0.953125
1399 2 -1.84375 0.953125
1400 2 -1.85938 0.960938
1401 2 -1.85938 0.960938
1402 2 -1.75 0.921875
1403 2 -1.89062 0.96875
1404 2 -1.90625 0.976562
1405 2 -1.9375 0.984375
1406 2 -1.90625 0.976562
1407 2 -1.79688 0.914062
1408 2 -1.8125 0.9375
1409 2 -1.78125 0.929688
1410 2 -1.82812 0.953125
1411 2 -1.78125 0.9375
1412 2 -1.875 0.960938
1413 2 -1.8125 0.9375
1414 2 -1.85938 0.960938
1415 2 -1.71875 0.921875
1416 2 -1.8125 0.953125
1417 2 -1.60938 0.859375
1418 2 -1.73438 0.914062
1419 2 -1.5625 0.867188
1420 2 -1.67188 0.898438
1421 2 -1.625 0.898438
1422 2 -1.6875 0.914062
1423 2 -1.71875 0.914062
1424 2 -1.6875 0.898438
1425 2 -1.54688 0.867188
1426 2 -1.5625 0.867188
1427 2 -1.60938 0.882812
1428 2 -1.82812 0.945312
1429 2 -1.78125 0.945312
1430 2 -1.60938 0.890625
1431 2 -1.67188 0.875
1432 2 -1.625 0.875
1433 2 -1.65625 0.859375
1434 2 -1.5625 0.804688
1435 2 -1.65625 0.875
1436 2 -1.67188 0.898438
1437 2 -1.70312 0.898438
1438 2 -1.75 0.90625
1439 2 -1.70312 0.914062
1440 2 -1.79688 0.914062
1441 2 -1.71875 0.898438
1442 2 -1.79688 0.945312
1443 2 -1.84375 0.960938
1444 2 -1.875 0.96875
1445 2 -1.84375 0.960938
1446 2 -1.82812 0.953125
1447 2 -1.70312 0.914062
1448 2 -1.6875 0.90625
1449 2 -1.71875 0.898438
1450 2 -1.73438 0.875
1451 2 -1.65625 0.875
1452 2 -1.84375 0.945312
1453 2 -1.76562 0.921875
1454 2 -1.85938 0.960938
1455 2 -1.78125 0.9375
1456 2 -1.79688 0.945312
1457 2 -1.8125 0.953125
1458 2 -1.78125 0.9375
1459 2 -1.75 0.914062
1460 2 -1.76562 0.9375
1461 2 -1.82812 0.945312
1462 2 -1.85938 0.953125
1463 2 -1.875 0.96875
1464 2 -1.92188 0.976562
1465 2 -1.8125 0.945312
1466 2 -1.76562 0.929688
1467 2 -1.71875 0.90625
1468 2 -1.65625 0.875
1469 2 -1.71875 0.898438
1470 2 -1.64062 0.882812
1471 2 -1.71875 0.921875
1472 2 -1.875 0.960938
1473 2 -1.78125 0.921875
1474 2 -1.64062 0.859375
1475 2 -1.57812 0.859375
1476 2 -1.625 0.859375
1477 2 -1.59375 0.859375
1478 2 -1.6875 0.898438
1479 2 -1.73438 0.921875
1480 2 -1.84375 0.953125
1481 2 -1.71875 0.929688
1482 2 -1.8125 0.945312
1483 2 -1.57812 0.867188
1484 2 -1.67188 0.890625
1485 2 -1.71875 0.921875
1486 2 -1.71875 0.90625
1487 2 -1.82812 0.9375
1488 2 -1.79688 0.914062
1489 2 -1.75 0.914062
1490 2 -1.84375 0.953125
1491 2 -1.82812 0.953125
1492 2 -1.64062 0.890625
1493 2 -1.65625 0.859375
1494 2 -1.70312 0.898438
1495 2 -1.67188 0.90625
1496 2 -1.59375 0.890625
1497 2 -1.84375 0.953125
1498 2 -1.95312 0.984375
1499 2 -1.75 0.9375
1500 2 -1.73438 0.921875
1501 2 -1.84375 0.953125
1502 2 -1.90625 0.976562
1503 2 -1.875 0.96875
1504 2 -1.875 0.96875
1505 2 -1.82812 0.945312
1506 2 -1.73438 0.921875
1507 2 -1.75 0.929688
1508 2 -1.78125 0.921875
1509 2 -1.65625 0.898438
1510 2 -1.84375 0.945312
1511 2 -1.78125 0.945312
1512 2 -1.875 0.96875
1513 2 -1.79688 0.945312
1514 2 -1.84375 0.945312
1515 2 -1.875 0.96875
1516 2 -1.84375 0.945312
1517 2 -1.82812 0.9375
1518 2 -1.8125 0.945312
1519 2 -1.90625 0.976562
1520 2 -1.875 0.96875
1521 2 -1.78125 0.9375
1522 2 -1.71875 0.890625
1523 2 -1.78125 0.9375
1524 2 -1.8125 0.945312
1525 2 -1.75 0.890625
1526 2 -1.85938 0.945312
1527 2 -1.8125 0.945312
1528 2 -1.85938 0.960938
1529 2 -1.82812 0.945312
1530 2 -1.82812 0.953125
1531 2 -1.82812 0.953125
1532 2 -1.79688 0.921875
1533 2 -1.73438 0.90625
1534 2 -1.6875 0.898438
1535 2 -1.70312 0.890625
1536 2 -1.59375 0.851562
1537 2 -1.48438 0.828125
1538 2 -1.71875 0.921875
1539 2 -1.70312 0.914062
1540 2 -1.84375 0.953125
1541 2 -1.8125 0.945312
1542 2 -1.75 0.914062
1543 2 -1.85938 0.960938
1544 2 -1.875 0.96875
1545 2 -1.875 0.96875
1546 2 -1.85938 0.960938
1547 2 -1.70312 0.90625
1548 2 -1.75 0.929688
1549 2 -1.71875 0.914062
1550 2 -1.76562 0.929688
1551 2 -1.73438 0.914062
1552 2 -1.65625 0.882812
1553 2 -1.64062 0.875
1554 2 -1.71875 0.859375
1555 2 -1.71875 0.90625
1556 2 -1.76562 0.914062
1557 2 -1.71875 0.882812
1558 2 -1.71875 0.851562
1559 2 -1.57812 0.789062
1560 2 -1.67188 0.84375
1561 2 -1.6875 0.898438
1562 2 -1.82812 0.945312
1563 2 -1.75 0.929688
1564 2 -1.78125 0.9375
1565 2 -1.85938 0.953125
1566 2 -1.75 0.914062
1567 2 -1.89062 0.96875
1568 2 -1.76562 0.9375
1569 2 -1.9375 0.984375
1570 2 -1.73438 0.914062
1571 2 -1.71875 0.882812
1572 2 -1.6875 0.90625
1573 2 -1.65625 0.875
1574 2 -1.71875 0.867188
1575 2 -1.73438 0.851562
1576 2 -1.71875 0.867188
1577 2 -1.73438 0.828125
1578 2 -1.75 0.828125
1579 2 -1.70312 0.8125
1580 2 -1.79688 0.875
1581 2 -1.65625 0.835938
1582 2 -1.65625 0.867188
1583 2 -1.59375 0.828125
1584 2 -1.60938 0.804688
1585 2 -1.76562 0.851562
1586 2 -1.6875 0.867188
1587 2 -1.70312 0.875
1588 2 -1.5 0.796875
1589 2 -1.5625 0.828125
1590 2 -1.57812 0.8125
1591 2 -1.5625 0.820312
1592 2 -1.67188 0.90625
1593 2 -1.60938 0.859375
1594 2 -1.76562 0.929688
1595 2 -1.53125 0.820312
1596 2 -1.67188 0.890625
1597 2 -1.70312 0.890625
1598 2 -1.6875 0.90625
1599 2 -1.79688 0.9375
1600 2 -1.85938 0.953125
1601 2 -1.71875 0.859375
1602 2 -1.625 0.828125
1603 2 -1.64062 0.835938
1604 2 -1.6875 0.90625
1605 2 -1.75 0.921875
1606 2 -1.8125 0.953125
1607 2 -1.90625 0.976562
1608 2 -1.84375 0.960938
1609 2 -1.90625 0.976562
1610 2 -1.8125 0.953125
1611 2 -1.79688 0.929688
1612 2 -1.79688 0.945312
1613 2 -1.75 0.921875
1614 2 -1.6875 0.882812
1615 2 -1.64062 0.867188
1616 2 -1.65625 0.875
1617 2 -1.73438 0.929688
1618 2 -1.625 0.882812
1619 2 -1.59375 0.867188
1620 2 -1.57812 0.851562
1621 2 -1.57812 0.828125
1622 2 -1.59375 0.851562
1623 2 -1.60938 0.867188
1624 2 -1.8125 0.945312
1625 2 -1.75 0.929688
1626 2 -1.78125 0.9375
1627 2 -1.79688 0.945312
1628 2 -1.75 0.929688
1629 2 -1.8125 0.945312
1630 2 -1.75 0.929688
1631 2 -1.89062 0.960938
1632 2 -1.71875 0.914062
1633 2 -1.84375 0.953125
1634 2 -1.76562 0.914062
1635 2 -1.82812 0.9375
1636 2 -1.73438 0.914062
1637 2 -1.82812 0.945312
1638 2 -1.70312 0.921875
1639 2 -1.5 0.859375
1640 2 -1.70312 0.921875
1641 2 -1.64062 0.875
1642 2 -1.67188 0.90625
1643 2 -1.75 0.914062
1644 2 -1.70312 0.875
1645 2 -1.76562 0.914062
1646 2 -1.65625 0.867188
1647 2 -1.79688 0.929688
1648 2 -1.82812 0.945312
1649 2 -1.70312 0.914062
1650 2 -1.71875 0.921875
1651 2 -1.6875 0.898438
1652 2 -1.5625 0.851562
1653 2 -1.5625 0.851562
1654 2 -1.60938 0.890625
1655 2 -1.625 0.882812
1656 2 -1.625 0.84375
1657 2 -1.53125 0.796875
1658 2 -1.59375 0.820312
1659 2 -1.6875 0.898438
1660 2 -1.65625 0.890625
1661 2 -1.85938 0.953125
1662 2 -1.71875 0.914062
1663 2 -1.71875 0.90625
1664 2 -1.6875 0.914062
1665 2 -1.76562 0.929688
1666 2 -1.71875 0.921875
1667 2 -1.76562 0.929688
1668 2 -1.76562 0.929688
1669 2 -1.84375 0.953125
1670 2 -1.76562 0.914062
1671 2 -1.71875 0.90625
1672 2 -1.71875 0.890625
1673 2 -1.6875 0.90625
1674 2 -1.73438 0.914062
1675 2 -1.8125 0.945312
1676 2 -1.71875 0.90625
1677 2 -1.76562 0.929688
1678 2 -1.82812 0.953125
1679 2 -1.84375 0.960938
1680 2 -1.71875 0.929688
1681 2 -1.78125 0.9375
1682 2 -1.85938 0.953125
1683 2 -1.85938 0.960938
1684 2 -1.71875 0.929688
1685 2 -1.79688 0.945312
1686 2 -1.76562 0.9375
1687 2 -1.6875 0.890625
1688 2 -1.70312 0.898438
1689 2 -1.89062 0.960938
1690 2 -1.6875 0.898438
1691 2 -1.625 0.867188
1692 2 -1.71875 0.914062
1693 2 -1.67188 0.898438
1694 2 -1.875 0.96875
1695 2 -1.90625 0.976562
1696 2 -1.875 0.96875
1697 2 -1.70312 0.898438
1698 2 -1.73438 0.914062
1699 2 -1.71875 0.914062
1700 2 -1.67188 0.890625
1701 2 -1.67188 0.890625
1702 2 -1.67188 0.898438
1703 2 -1.84375 0.953125
1704 2 -1.75 0.929688
1705 2 -1.73438 0.929688
1706 2 -1.875 0.953125
1707 2 -1.78125 0.914062
1708 2 -1.53125 0.835938
1709 2 -1.5625 0.820312
1710 2 -1.6875 0.867188
1711 2 -1.75 0.921875
1712 2 -1.78125 0.9375
1713 2 -1.8125 0.9375
1714 2 -1.8125 0.945312
1715 2 -1.75 0.929688
1716 2 -1.8125 0.945312
1717 2 -1.76562 0.921875
1718 2 -1.73438 0.90625
1719 2 -1.73438 0.90625
1720 2 -1.65625 0.898438
1721 2 -1.78125 0.929688
1722 2 -1.71875 0.898438
1723 2 -1.76562 0.914062
1724 2 -1.71875 0.882812
1725 2 -1.875 0.960938
1726 2 -1.65625 0.898438
1727 2 -1.85938 0.960938
1728 2 -1.82812 0.9375
1729 2 -1.78125 0.945312
1730 2 -1.8125 0.953125
1731 2 -1.78125 0.914062
1732 2 -1.82812 0.953125
1733 2 -1.78125 0.945312
1734 2 -1.65625 0.90625
1735 2 -1.78125 0.921875
1736 2 -1.90625 0.976562
1737 2 -1.90625 0.976562
1738 2 -1.89062 0.96875
1739 2 -1.875 0.960938
1740 2 -1.73438 0.921875
1741 2 -1.75 0.914062
1742 2 -1.71875 0.90625
1743 2 -1.5625 0.875
1744 2 -1.73438 0.914062
1745 2 -1.82812 0.945312
1746 2 -1.90625 0.96875
1747 2 -1.9375 0.984375
1748 2 -1.8125 0.945312
1749 2 -1.8125 0.945312
1750 2 -1.84375 0.953125
1751 2 -1.85938 0.953125
1752 2 -1.76562 0.9375
1753 2 -1.84375 0.953125
1754 2 -1.90625 0.976562
1755 2 -1.85938 0.960938
1756 2 -1.79688 0.929688
1757 2 -1.82812 0.953125
1758 2 -1.82812 0.9375
1759 2 -1.75 0.929688
1760 2 -1.65625 0.859375
1761 2 -1.5625 0.8125
1762 2 -1.57812 0.820312
1763 2 -1.65625 0.851562
1764 2 -1.64062 0.859375
1765 2 -1.89062 0.9375
1766 2 -1.9375 0.984375
1767 2 -1.875 0.960938
1768 2 -1.84375 0.960938
1769 2 -1.85938 0.960938
1770 2 -1.76562 0.9375
1771 2 -1.71875 0.898438
1772 2 -1.6875 0.914062
1773 2 -1.82812 0.945312
1774 2 -1.82812 0.9375
1775 2 -1.76562 0.929688
1776 2 -1.76562 0.9375
1777 2 -1.71875 0.898438
1778 2 -1.79688 0.9375
1779 2 -1.85938 0.960938
1780 2 -1.875 0.96875
1781 2 -1.90625 0.976562
1782 2 -1.9375 0.984375
1783 2 -1.875 0.96875
1784 2 -1.96875 0.992188
1785 2 -1.9375 0.984375
1786 2 -1.92188 0.976562
1787 2 -1.73438 0.898438
1788 2 -1.67188 0.875
1789 2 -1.60938 0.828125
1790 2 -1.75 0.890625
1791 2 -1.64062 0.859375
1792 2 -1.76562 0.929688
1793 2 -1.73438 0.921875
1794 2 -1.75 0.929688
1795 2 -1.78125 0.929688
1796 2 -1.67188 0.914062
1797 2 -1.73438 0.921875
1798 2 -1.78125 0.9375
1799 2 -1.625 0.859375
1800 2 -1.59375 0.8125
1801 2 -1.64062 0.835938
1802 2 -1.54688 0.820312
1803 2 -1.70312 0.851562
1804 2 -1.71875 0.859375
1805 2 -1.79688 0.929688
1806 2 -1.8125 0.9375
1807 2 -1.79688 0.890625
1808 2 -1.76562 0.921875
1809 2 -1.67188 0.90625
1810 2 -1.64062 0.890625
1811 2 -1.5625 0.867188
1812 2 -1.71875 0.890625
1813 2 -1.67188 0.867188
1814 2 -1.5625 0.796875
1815 2 -1.53125 0.796875
1816 2 -1.42188 0.703125
1817 2 -1.32812 0.648438
1818 2 -1.45312 0.710938
1819 2 -1.57812 0.695312
1820 2 -1.64062 0.664062
1821 2 -1.625 0.71875
1822 2 -1.54688 0.65625
1823 2 -1.59375 0.695312
1824 2 -1.54688 0.703125
1825 2 -1.40625 0.679688
1826 2 -1.42188 0.726562
1827 2 -1.48438 0.734375
1828 2 -1.65625 0.828125
1829 2 -1.73438 0.867188
1830 2 -1.67188 0.867188
1831 2 -1.67188 0.882812
1832 2 -1.70312 0.898438
1833 2 -1.6875 0.898438
1834 2 -1.73438 0.90625
1835 2 -1.70312 0.914062
1836 2 -1.60938 0.835938
1837 2 -1.51562 0.84375
1838 2 -1.57812 0.867188
1839 2 -1.64062 0.851562
1840 2 -1.65625 0.890625
1841 2 -1.71875 0.914062
1842 2 -1.75 0.921875
1843 2 -1.82812 0.9375
1844 2 -1.90625 0.976562
1845 2 -1.875 0.953125
1846 2 -1.60938 0.859375
1847 2 -1.60938 0.859375
1848 2 -1.67188 0.859375
1849 2 -1.65625 0.875
1850 2 -1.48438 0.773438
1851 2 -1.60938 0.851562
1852 2 -1.78125 0.90625
1853 2 -1.84375 0.9375
1854 2 -1.84375 0.953125
1855 2 -1.79688 0.9375
1856 2 -1.8125 0.945312
1857 2 -1.65625 0.890625
1858 2 -1.70312 0.898438
1859 2 -1.6875 0.898438
1860 2 -1.71875 0.914062
1861 2 -1.84375 0.953125
1862 2 -1.8125 0.945312
1863 2 -1.875 0.96875
1864 2 -1.89062 0.96875
1865 2 -2 1
1866 2 -1.8125 0.945312
1867 2 -1.875 0.96875
1868 2 -1.76562 0.929688
1869 2 -1.8125 0.945312
1870 2 -1.92188 0.976562
1871 2 -1.78125 0.9375
1872 2 -1.76562 0.929688
1873 2 -1.92188 0.976562
1874 2 -1.84375 0.960938
1875 2 -1.78125 0.9375
1876 2 -1.85938 0.960938
1877 2 -1.875 0.96875
1878 2 -1.8125 0.945312
1879 2 -1.75 0.898438
1880 2 -1.71875 0.90625
1881 2 -1.78125 0.921875
1882 2 -1.90625 0.976562
1883 2 -1.875 0.960938
1884 2 -1.89062 0.960938
1885 2 -1.89062 0.96875
1886 2 -1.82812 0.953125
1887 2 -1.73438 0.90625
1888 2 -1.6875 0.882812
1889 2 -1.54688 0.828125
1890 2 -1.65625 0.859375
1891 2 -1.78125 0.929688
1892 2 -1.84375 0.953125
1893 2 -1.92188 0.976562
1894 2 -1.9375 0.984375
1895 2 -1.875 0.960938
1896 2 -1.82812 0.945312
1897 2 -1.8125 0.945312
1898 2 -1.75 0.90625
1899 2 -1.73438 0.90625
1900 2 -1.625 0.828125
1901 2 -1.625 0.820312
1902 2 -1.75 0.851562
1903 2 -1.70312 0.851562
1904 2 -1.65625 0.882812
1905 2 -1.75 0.90625
1906 2 -1.65625 0.882812
1907 2 -1.6875 0.890625
1908 2 -1.71875 0.921875
1909 2 -1.79688 0.945312
1910 2 -1.8125 0.945312
1911 2 -1.90625 0.976562
1912 2 -1.875 0.96875
1913 2 -1.79688 0.929688
1914 2 -1.75 0.90625
1915 2 -1.65625 0.875
1916 2 -1.67188 0.890625
1917 2 -1.6875 0.875
1918 2 -1.84375 0.953125
1919 2 -1.84375 0.960938
1920 2 -1.78125 0.945312
1921 2 -1.90625 0.960938
1922 2 -1.70312 0.898438
1923 2 -1.70312 0.890625
1924 2 -1.85938 0.945312
1925 2 -1.84375 0.953125
1926 2 -1.82812 0.953125
1927 2 -1.85938 0.960938
1928 2 -1.8125 0.953125
1929 2 -1.6875 0.921875
1930 2 -1.73438 0.914062
1931 2 -1.85938 0.960938
1932 2 -1.79688 0.9375
1933 2 -1.875 0.96875
1934 2 -1.92188 0.976562
1935 2 -1.96875 0.992188
1936 2 -1.9375 0.984375
1937 2 -1.96875 0.992188
1938 2 -1.875 0.96875
1939 2 -1.96875 0.992188
1940 2 -1.82812 0.953125
1941 2 -1.82812 0.945312
1942 2 -1.84375 0.953125
1943 2 -1.75 0.9375
1944 2 -1.78125 0.945312
1945 2 -1.75 0.929688
1946 2 -1.82812 0.945312
1947 2 -1.71875 0.90625
1948 2 -1.85938 0.960938
1949 2 -1.82812 0.953125
1950 2 -1.90625 0.96875
1951 2 -1.90625 0.96875
1952 2 -1.875 0.96875
1953 2 -1.84375 0.953125
1954 2 -1.84375 0.953125
1955 2 -1.79688 0.9375
1956 2 -1.92188 0.976562
1957 2 -1.71875 0.914062
1958 2 -1.59375 0.84375
1959 2 -1.64062 0.890625
1960 2 -1.78125 0.929688
1961 2 -1.78125 0.9375
1962 2 -1.82812 0.945312
1963 2 -1.84375 0.953125
1964 2 -1.60938 0.875
1965 2 -1.70312 0.90625
1966 2 -1.78125 0.929688
1967 2 -1.90625 0.976562
1968 2 -1.875 0.960938
1969 2 -1.9375 0.984375
1970 2 -1.71875 0.90625
1971 2 -1.67188 0.90625
1972 2 -1.78125 0.9375
1973 2 -1.75 0.90625
1974 2 -1.79688 0.929688
1975 2 -1.73438 0.921875
1976 2 -1.625 0.898438
1977 2 -1.64062 0.875
1978 2 -1.625 0.820312
1979 2 -1.79688 0.921875
1980 2 -1.90625 0.976562
1981 2 -1.85938 0.960938
1982 2 -1.85938 0.960938
1983 2 -1.85938 0.953125
1984 2 -1.8125 0.953125
1985 2 -1.79688 0.929688
1986 2 -1.90625 0.96875
1987 2 -1.82812 0.9375
1988 2 -1.90625 0.976562
1989 2 -1.85938 0.960938
1990 2 -1.82812 0.953125
1991 2 -1.8125 0.945312
1992 2 -1.9375 0.984375
1993 2 -1.85938 0.960938
1994 2 -1.875 0.96875
1995 2 -1.82812 0.953125
1996 2 -1.90625 0.96875
1997 2 -1.89062 0.96875
1998 2 -1.875 0.96875
1999 2 -1.71875 0.90625
