g	Ground State Energy	Second Derivative	Theory	Theory Second Derivative
0.04	-0.500062	-0.0781056	-0.50005	-0.0625391
0.08	-0.50025	-0.0781056	-0.5002	-0.0625391
0.12	-0.500562	-0.0780825	-0.50045	-0.0625861
0.16	-0.501	-0.0780506	-0.5008	-0.0626522
0.2	-0.501562	-0.0780104	-0.501251	-0.0627375
0.24	-0.502249	-0.0779624	-0.501802	-0.0628422
0.28	-0.503061	-0.0779073	-0.502453	-0.0629668
0.32	-0.503998	-0.0778458	-0.503205	-0.0631115
0.36	-0.505059	-0.0777789	-0.504058	-0.0632769
0.4	-0.506244	-0.0777075	-0.505013	-0.0634635
0.44	-0.507554	-0.0776327	-0.506069	-0.0636718
0.48	-0.508988	-0.0775557	-0.507226	-0.0639027
0.52	-0.510546	-0.0774778	-0.508486	-0.0641568
0.56	-0.512228	-0.0774002	-0.509849	-0.0644351
0.6	-0.514034	-0.0773244	-0.511315	-0.0647386
0.64	-0.515964	-0.0772518	-0.512884	-0.0650684
0.68	-0.518017	-0.077184	-0.514558	-0.0654257
0.72	-0.520194	-0.0771226	-0.516336	-0.065812
0.76	-0.522494	-0.0770691	-0.518219	-0.0662288
0.8	-0.524917	-0.0770252	-0.520209	-0.066678
0.84	-0.527464	-0.0769926	-0.522305	-0.0671614
0.88	-0.530134	-0.076973	-0.524508	-0.0676814
0.92	-0.532927	-0.0769681	-0.52682	-0.0682404
0.96	-0.535843	-0.0769797	-0.529241	-0.0688413
1	-0.538882	-0.0770094	-0.531772	-0.0694873
1.04	-0.542045	-0.0770589	-0.534415	-0.0701821
1.08	-0.545331	-0.0771298	-0.537169	-0.0709299
1.12	-0.54874	-0.0772235	-0.540037	-0.0717354
1.16	-0.552273	-0.0773414	-0.54302	-0.0726042
1.2	-0.555929	-0.0774846	-0.546119	-0.0735427
1.24	-0.55971	-0.0776538	-0.549336	-0.0745584
1.28	-0.563615	-0.0778494	-0.552672	-0.0756599
1.32	-0.567644	-0.0780712	-0.556129	-0.0768578
1.36	-0.571798	-0.0783183	-0.559709	-0.0781644
1.4	-0.576078	-0.0785891	-0.563414	-0.0795946
1.44	-0.580483	-0.0788807	-0.567247	-0.0811666
1.48	-0.585015	-0.0791893	-0.571209	-0.0829031
1.52	-0.589673	-0.0795091	-0.575304	-0.0848321
1.56	-0.594458	-0.0798333	-0.579535	-0.0869896
1.6	-0.599371	-0.0801525	-0.583905	-0.0894223
1.64	-0.604413	-0.0804559	-0.588418	-0.0921927
1.68	-0.609583	-0.0807302	-0.593078	-0.095386
1.72	-0.614882	-0.0809602	-0.597891	-0.0991237
1.76	-0.620311	-0.0811287	-0.602863	-0.103586
1.8	-0.62587	-0.0812167	-0.608	-0.109058
1.84	-0.631558	-0.0812042	-0.613312	-0.116028
1.88	-0.637377	-0.0810707	-0.61881	-0.125441
1.92	-0.643325	-0.0807959	-0.624508	-0.139559
1.96	-0.649403	-0.0803606	-0.63043	-0.167734
2	-0.655609	-0.0797481	-0.63662	-0.218522
2.04	-0.661942	-0.0789447	-0.643159	-0.159209
2.08	-0.668402	-0.0779412	-0.649954	-0.125459
2.12	-0.674987	-0.0767332	-0.656949	-0.107053
2.16	-0.681695	-0.0753216	-0.664115	-0.094126
2.2	-0.688523	-0.073713	-0.671432	-0.0841908
2.24	-0.695469	-0.0719195	-0.678884	-0.0761697
2.28	-0.70253	-0.0699579	-0.686457	-0.0694881
2.32	-0.709703	-0.0678493	-0.694142	-0.0638002
2.36	-0.716984	-0.0656175	-0.701929	-0.0588799
2.4	-0.724371	-0.0632887	-0.70981	-0.0545707
2.44	-0.731858	-0.0608895	-0.717778	-0.0507595
2.48	-0.739443	-0.0584464	-0.725827	-0.0473616
2.52	-0.747122	-0.0559846	-0.733953	-0.0443116
2.56	-0.75489	-0.0535275	-0.742149	-0.0415585
2.6	-0.762744	-0.051096	-0.750412	-0.0390609
2.64	-0.77068	-0.0487081	-0.758737	-0.0367855
2.68	-0.778694	-0.0463788	-0.767121	-0.0347046
2.72	-0.786781	-0.0441204	-0.77556	-0.0327951
2.76	-0.79494	-0.0419423	-0.784052	-0.0310377
2.8	-0.803165	-0.0398512	-0.792594	-0.0294156
2.84	-0.811454	-0.0378517	-0.801183	-0.0279148
2.88	-0.819804	-0.0359463	-0.809816	-0.0265229
2.92	-0.828212	-0.0341359	-0.818492	-0.0252294
2.96	-0.836674	-0.0324199	-0.827208	-0.0240249
3	-0.845187	-0.0307968	-0.835963	-0.0229013
3.04	-0.853751	-0.0292641	-0.844754	-0.0218513
3.08	-0.86236	-0.0278186	-0.853581	-0.0208686
3.12	-0.871015	-0.0264569	-0.86244	-0.0199474
3.16	-0.879712	-0.025175	-0.871332	-0.0190828
3.2	-0.888449	-0.0239689	-0.880254	-0.0182701
3.24	-0.897224	-0.0228345	-0.889205	-0.0175053
3.28	-0.906036	-0.0217677	-0.898185	-0.0167847
3.32	-0.914883	-0.0207646	-0.907191	-0.0161049
3.36	-0.923763	-0.0198211	-0.916223	-0.0154631
3.4	-0.932674	-0.0189335	-0.92528	-0.0148563
3.44	-0.941616	-0.0180983	-0.93436	-0.0142822
3.48	-0.950587	-0.0173119	-0.943463	-0.0137385
3.52	-0.959586	-0.0165712	-0.952589	-0.0132231
3.56	-0.968611	-0.0158732	-0.961735	-0.0127341
3.6	-0.977662	-0.0152149	-0.970902	-0.0122698
3.64	-0.986737	-0.0145937	-0.980089	-0.0118285
3.68	-0.995835	-0.0140072	-0.989294	-0.0114088
3.72	-1.00496	-0.013453	-0.998518	-0.0110094
3.76	-1.0141	-0.012929	-1.00776	-0.010629
3.8	-1.02326	-0.0124331	-1.01702	-0.0102664
3.84	-1.03244	-0.0119635	-1.02629	-0.00992063
3.88	-1.04165	-0.0115186	-1.03558	-0.00959062
3.92	-1.05087	-0.0110965	-1.04489	-0.00927548
3.96	-1.0601	-0.010696	-1.05421	-0.00897435
4	-1.06936	-0.0103157	-1.06354	-0.00868645
4.04	-1.07863	-0.00995413	-1.07289	-0.00841103
4.08	-1.08792	-0.00961028	-1.08226	-0.00814741
4.12	-1.09722	-0.00928299	-1.09163	-0.00789495
4.16	-1.10654	-0.00897127	-1.10102	-0.00765304
4.2	-1.11587	-0.00867416	-1.11042	-0.00742113
4.24	-1.12522	-0.00839079	-1.11983	-0.00719869
4.28	-1.13458	-0.00812035	-1.12926	-0.00698524
4.32	-1.14395	-0.00786207	-1.13869	-0.00678032
4.36	-1.15333	-0.00761526	-1.14814	-0.00658348
4.4	-1.16273	-0.00737925	-1.15759	-0.00639434
4.44	-1.17214	-0.00715344	-1.16706	-0.00621251
4.48	-1.18156	-0.00693727	-1.17654	-0.00603764
4.52	-1.19099	-0.00673019	-1.18602	-0.00586938
4.56	-1.20044	-0.00653171	-1.19552	-0.00570742
4.6	-1.20989	-0.00634137	-1.20502	-0.00555147
4.64	-1.21935	-0.00615874	-1.21454	-0.00540124
4.68	-1.22882	-0.00598342	-1.22406	-0.00525646
4.72	-1.23831	-0.00581502	-1.23359	-0.0051169
4.76	-1.2478	-0.0056532	-1.24313	-0.00498231
4.8	-1.2573	-0.00549761	-1.25267	-0.00485247
4.84	-1.26681	-0.00534795	-1.26223	-0.00472717
4.88	-1.27633	-0.00520393	-1.27179	-0.00460621
4.92	-1.28585	-0.00506526	-1.28136	-0.00448939
4.96	-1.29539	-0.0049317	-1.29094	-0.00437655
5	-1.30493	-0.004803	-1.30052	-0.00426751
5.04	-1.31448	-0.00467892	-1.31011	-0.00416211
5.08	-1.32404	-0.00455926	-1.31971	-0.00406019
5.12	-1.3336	-0.00444382	-1.32931	-0.00396162
5.16	-1.34317	-0.00433239	-1.33892	-0.00386625
5.2	-1.35275	-0.0042248	-1.34854	-0.00377396
5.24	-1.36234	-0.00412088	-1.35816	-0.00368462
5.28	-1.37193	-0.00402046	-1.36779	-0.0035981
5.32	-1.38153	-0.0039234	-1.37742	-0.00351431
5.36	-1.39114	-0.00382955	-1.38706	-0.00343312
5.4	-1.40075	-0.00373877	-1.39671	-0.00335445
5.44	-1.41036	-0.00365094	-1.40636	-0.00327818
5.48	-1.41999	-0.00356592	-1.41601	-0.00320424
5.52	-1.42962	-0.00348361	-1.42567	-0.00313252
5.56	-1.43925	-0.00340389	-1.43534	-0.00306295
5.6	-1.44889	-0.00332667	-1.44501	-0.00299545
5.64	-1.45853	-0.00325182	-1.45469	-0.00292993
5.68	-1.46818	-0.00317928	-1.46437	-0.00286633
5.72	-1.47784	-0.00310893	-1.47405	-0.00280458
5.76	-1.4875	-0.0030407	-1.48374	-0.0027446
5.8	-1.49717	-0.00297451	-1.49343	-0.00268634
5.84	-1.50684	-0.00291028	-1.50313	-0.00262973
5.88	-1.51651	-0.00284793	-1.51283	-0.00257471
5.92	-1.52619	-0.0027874	-1.52254	-0.00252123
5.96	-1.53587	-0.00272861	-1.53225	-0.00246924
6	-1.54556	-0.0026715	-1.54196	-0.00241867
6.04	-1.55525	-0.00261601	-1.55168	-0.00236949
6.08	-1.56495	-0.00256208	-1.5614	-0.00232165
6.12	-1.57465	-0.00250966	-1.57113	-0.00227509
6.16	-1.58435	-0.00245869	-1.58086	-0.00222978
6.2	-1.59406	-0.00240912	-1.59059	-0.00218568
6.24	-1.60377	-0.0023609	-1.60033	-0.00214274
6.28	-1.61349	-0.00231399	-1.61007	-0.00210092
6.32	-1.62321	-0.00226833	-1.61981	-0.0020602
6.36	-1.63293	-0.00222389	-1.62956	-0.00202052
6.4	-1.64266	-0.00218063	-1.63931	-0.00198187
6.44	-1.65239	-0.0021385	-1.64906	-0.00194421
6.48	-1.66213	-0.00209748	-1.65882	-0.0019075
6.52	-1.67186	-0.00205751	-1.66857	-0.00187171
6.56	-1.6816	-0.00201857	-1.67834	-0.00183682
6.6	-1.69135	-0.00198062	-1.6881	-0.0018028
6.64	-1.70109	-0.00194363	-1.69787	-0.00176962
6.68	-1.71084	-0.00190758	-1.70764	-0.00173725
6.72	-1.7206	-0.00187242	-1.71741	-0.00170567
6.76	-1.73035	-0.00183814	-1.72719	-0.00167486
6.8	-1.74011	-0.0018047	-1.73697	-0.00164479
6.84	-1.74987	-0.00177208	-1.74675	-0.00161544
6.88	-1.75964	-0.00174025	-1.75653	-0.00158679
6.92	-1.76941	-0.0017092	-1.76632	-0.00155882
6.96	-1.77918	-0.00167888	-1.77611	-0.0015315
7	-1.78895	-0.00164929	-1.7859	-0.00150482
7.04	-1.79873	-0.0016204	-1.79569	-0.00147877
7.08	-1.8085	-0.00159219	-1.80549	-0.00145331
7.12	-1.81828	-0.00156464	-1.81529	-0.00142844
7.16	-1.82807	-0.00153773	-1.82509	-0.00140413
7.2	-1.83785	-0.00151144	-1.83489	-0.00138038
7.24	-1.84764	-0.00148575	-1.8447	-0.00135716
7.28	-1.85743	-0.00146065	-1.85451	-0.00133446
7.32	-1.86722	-0.00143612	-1.86432	-0.00131227
7.36	-1.87702	-0.00141214	-1.87413	-0.00129057
7.4	-1.88682	-0.0013887	-1.88394	-0.00126935
7.44	-1.89662	-0.00136578	-1.89376	-0.0012486
7.48	-1.90642	-0.00134337	-1.90357	-0.00122829
7.52	-1.91622	-0.00132145	-1.91339	-0.00120843
7.56	-1.92603	-0.00130001	-1.92322	-0.001189
7.6	-1.93584	-0.00127903	-1.93304	-0.00116998
7.64	-1.94565	-0.00125851	-1.94287	-0.00115136
7.68	-1.95546	-0.00123843	-1.95269	-0.00113314
7.72	-1.96527	-0.00121878	-1.96252	-0.00111531
7.76	-1.97509	-0.00119954	-1.97235	-0.00109785
7.8	-1.98491	-0.00118072	-1.98219	-0.00108075
7.84	-1.99473	-0.00116229	-1.99202	-0.00106401
7.88	-2.00455	-0.00114424	-2.00186	-0.00104762
7.92	-2.01437	-0.00112657	-2.01169	-0.00103156
7.96	-2.0242	-0.00110926	-2.02153	-0.00101583
8	-2.03403	-0.00110926	-2.03137	-0.00101583
