1 0 1 -0.896707
1 0 2 -0.160012
1 1 2 -0.12543
2 0 1 -1.9723
2 0 2 -0.201022
2 1 2 -0.130463
3 0 1 -1.29347
3 0 2 -0.179387
3 1 2 -0.126182
4 0 1 -1.57112
4 0 2 -0.188756
4 1 2 -0.127423
5 0 1 -1.42691
5 0 2 -0.184094
5 1 2 -0.126701
6 0 1 -1.49415
6 0 2 -0.186309
6 1 2 -0.127016
7 0 1 -1.46105
7 0 2 -0.185229
7 1 2 -0.126856
8 0 1 -1.47693
8 0 2 -0.18575
8 1 2 -0.126932
9 0 1 -1.46921
9 0 2 -0.185497
9 1 2 -0.126895
10 0 1 -1.47294
10 0 2 -0.185619
10 1 2 -0.126912
11 0 1 -1.47113
11 0 2 -0.18556
11 1 2 -0.126904
12 0 1 -1.47201
12 0 2 -0.185589
12 1 2 -0.126908
13 0 1 -1.47158
13 0 2 -0.185575
13 1 2 -0.126906
14 0 1 -1.47179
14 0 2 -0.185582
14 1 2 -0.126907
15 0 1 -1.47169
15 0 2 -0.185578
15 1 2 -0.126906
16 0 1 -1.47174
16 0 2 -0.18558
16 1 2 -0.126907
17 0 1 -1.47171
17 0 2 -0.185579
17 1 2 -0.126907
18 0 1 -1.47173
18 0 2 -0.18558
18 1 2 -0.126907
19 0 1 -1.47172
19 0 2 -0.185579
19 1 2 -0.126907
20 0 1 -1.47172
20 0 2 -0.185579
20 1 2 -0.126907
21 0 1 -1.47172
21 0 2 -0.185579
21 1 2 -0.126907
22 0 1 -1.47172
22 0 2 -0.185579
22 1 2 -0.126907
