0.1 -3.90421 0 -0.0553905
0.2 -3.65156 0 -0.210612
0.3 -3.33175 0 -0.424181
0.4 -3.04987 0 -0.644316
0.5 -2.88176 0 -0.827196
0.6 -2.84609 0 -0.949662
0.7 -2.90551 0 -1.01146
0.8 -2.99402 0 -1.02751
0.9 -3.05431 0 -1.01538
1 -3.06524 0 -0.985029
1.1 -3.04588 0 -0.935815
1.2 -3.03653 0 -0.86113
1.3 -3.06963 0 -0.756958
1.4 -3.14829 0 -0.628552
1.5 -3.24492 0 -0.491112
1.6 -3.31971 0 -0.364211
1.7 -3.34708 0 -0.263613
1.8 -3.33314 0 -0.195709
1.9 -3.31277 0 -0.158105
2 -3.32688 0 -0.14598
2.1 -3.39312 0 -0.160008
2.2 -3.48794 0 -0.210216
2.3 -3.55235 0 -0.312212
2.4 -3.52099 0 -0.476625
2.5 -3.35996 0 -0.69705
2.6 -3.09289 0 -0.943532
2.7 -2.7996 0 -1.16658
2.8 -2.58535 0 -1.31162
2.9 -2.53444 0 -1.33834
3 -2.67097 0 -1.23635
3.1 -2.9464 0 -1.02992
3.2 -3.26068 0 -0.769313
3.3 -3.50662 0 -0.512645
3.4 -3.61577 0 -0.306357
3.5 -3.5835 0 -0.172714
3.6 -3.46246 0 -0.108931
3.7 -3.32976 0 -0.0966827
3.8 -3.24626 0 -0.115878
3.9 -3.22934 0 -0.155254
4 -3.25194 0 -0.214877
4.1 -3.26567 0 -0.300595
4.2 -3.23305 0 -0.414931
4.3 -3.14979 0 -0.550503
4.4 -3.04502 0 -0.690051
4.5 -2.96061 0 -0.812876
4.6 -2.92351 0 -0.903516
4.7 -2.92843 0 -0.957168
4.8 -2.94221 0 -0.978436
4.9 -2.92777 0 -0.974227
5 -2.87307 0 -0.945466
5.1 -2.80692 0 -0.88345
5.2 -2.78975 0 -0.774186
5.3 -2.88199 0 -0.609342
5.4 -3.10599 0 -0.398033
5.5 -3.42297 0 -0.172268
5.6 -3.73963 0 0.0185478
5.7 -3.94408 0 0.123217
5.8 -3.95498 0 0.108153
5.9 -3.75974 0 -0.0282897
6 -3.42241 0 -0.253524
6.1 -3.05654 0 -0.511975
6.2 -2.77624 0 -0.744977
6.3 -2.64891 0 -0.910454
6.4 -2.67241 0 -0.993895
6.5 -2.7861 0 -1.00669
6.6 -2.90794 0 -0.974107
6.7 -2.97714 0 -0.919951
6.8 -2.98037 0 -0.855835
6.9 -2.94954 0 -0.779712
7 -2.93536 0 -0.682991
7.1 -2.97358 0 -0.560956
7.2 -3.06355 0 -0.419947
7.3 -3.17086 0 -0.277219
7.4 -3.25072 0 -0.154042
7.5 -3.27711 0 -0.0666614
7.6 -3.25912 0 -0.0207988
7.7 -3.23421 0 -0.0130126
7.8 -3.242 0 -0.0377221
7.9 -3.29439 0 -0.0949468
8 -3.36103 0 -0.192996
8.1 -3.38097 0 -0.34318
8.2 -3.29614 0 -0.548543
8.3 -3.08927 0 -0.792835
8.4 -2.80437 0 -1.03689
8.5 -2.53623 0 -1.22639
8.6 -2.39139 0 -1.30935
8.7 -2.43876 0 -1.25599
8.8 -2.67469 0 -1.07207
8.9 -3.02079 0 -0.798818
9 -3.35676 0 -0.499122
9.1 -3.57254 0 -0.235746
9.2 -3.61443 0 -0.0512062
9.3 -3.50316 0 0.0422439
9.4 -3.31634 0 0.0591911
9.5 -3.14603 0 0.0274196
9.6 -3.05397 0 -0.0281824
9.7 -3.04708 0 -0.0960438
9.8 -3.08372 0 -0.178354
9.9 -3.10457 0 -0.282944
10 -3.06906 0 -0.412487
10.1 -2.97683 0 -0.557797
