0 0 (1,0)
0 1 (0,0)
0 2 (0,0)
0 3 (0,0)
0 4 (0,0)
0 5 (0,0)
0 6 (0,0)
0 7 (0,0)
0.1 0 (0.679815,0.699968)
0.1 1 (0,0)
0.1 2 (0,0)
0.1 3 (-0.110979,0.160785)
0.1 4 (0,0)
0.1 5 (-0.0169476,-0.0106967)
0.1 6 (-0.0549879,0.0793899)
0.1 7 (0,0)
0.2 0 (-0.0444478,0.907638)
0.2 1 (0,0)
0.2 2 (0,0)
0.2 3 (-0.345516,0.132744)
0.2 4 (0,0)
0.2 5 (-0.035718,-0.0674678)
0.2 6 (-0.165933,0.0620815)
0.2 7 (0,0)
0.3 0 (-0.644447,0.500563)
0.3 1 (0,0)
0.3 2 (0,0)
0.3 3 (-0.491891,-0.118827)
0.3 4 (0,0)
0.3 5 (0.006619,-0.160457)
0.3 6 (-0.220335,-0.0609169)
0.3 7 (0,0)
0.4 0 (-0.699655,-0.188195)
0.4 1 (0,0)
0.4 2 (0,0)
0.4 3 (-0.390297,-0.442324)
0.4 4 (0,0)
0.4 5 (0.140773,-0.218841)
0.4 6 (-0.143439,-0.196975)
0.4 7 (0,0)
0.5 0 (-0.21067,-0.629682)
0.5 1 (0,0)
0.5 2 (0,0)
0.5 3 (-0.0620614,-0.612229)
0.5 4 (0,0)
0.5 5 (0.321527,-0.162181)
0.5 6 (0.0307099,-0.223197)
0.5 7 (0,0)
0.6 0 (0.411704,-0.503533)
0.6 1 (0,0)
0.6 2 (0,0)
0.6 3 (0.299637,-0.50094)
0.6 4 (0,0)
0.6 5 (0.44395,0.0296443)
0.6 6 (0.174124,-0.0891171)
0.6 7 (0,0)
0.7 0 (0.669906,0.0631126)
0.7 1 (0,0)
0.7 2 (0,0)
0.7 3 (0.471322,-0.177832)
0.7 4 (0,0)
0.7 5 (0.412789,0.284345)
0.7 6 (0.158488,0.1308)
0.7 7 (0,0)
0.8 0 (0.364457,0.603472)
0.8 1 (0,0)
0.8 2 (0,0)
0.8 3 (0.364965,0.140894)
0.8 4 (0,0)
0.8 5 (0.215022,0.472921)
0.8 6 (-0.0422892,0.279757)
0.8 7 (0,0)
0.9 0 (-0.256265,0.679324)
0.9 1 (0,0)
0.9 2 (0,0)
0.9 3 (0.0911185,0.253425)
0.9 4 (0,0)
0.9 5 (-0.0602164,0.491895)
0.9 6 (-0.320121,0.228595)
0.9 7 (0,0)
1 0 (-0.694814,0.223278)
1 1 (0,0)
1 2 (0,0)
1 3 (-0.128551,0.121269)
1 4 (0,0)
1 5 (-0.273005,0.334021)
1 6 (-0.499293,-0.027476)
1 7 (0,0)
1.1 0 (-0.596002,-0.409538)
1.1 1 (0,0)
1.1 2 (0,0)
1.1 3 (-0.131725,-0.107794)
1.1 4 (0,0)
1.1 5 (-0.321341,0.0956322)
1.1 6 (-0.455389,-0.358197)
1.1 7 (0,0)
1.2 0 (-0.0266094,-0.719415)
1.2 1 (0,0)
1.2 2 (0,0)
1.2 3 (0.0621528,-0.21938)
1.2 4 (0,0)
1.2 5 (-0.205023,-0.0858938)
1.2 6 (-0.200378,-0.58325)
1.2 7 (0,0)
1.3 0 (0.573702,-0.453519)
1.3 1 (0,0)
1.3 2 (0,0)
1.3 3 (0.271153,-0.101913)
1.3 4 (0,0)
1.3 5 (-0.0201471,-0.12048)
1.3 6 (0.127793,-0.591629)
1.3 7 (0,0)
1.4 0 (0.732707,0.193095)
1.4 1 (0,0)
1.4 2 (0,0)
1.4 3 (0.296169,0.165045)
1.4 4 (0,0)
1.4 5 (0.1099,-0.0174484)
1.4 6 (0.362025,-0.40921)
1.4 7 (0,0)
1.5 0 (0.314052,0.723763)
1.5 1 (0,0)
1.5 2 (0,0)
1.5 3 (0.0796514,0.371501)
1.5 4 (0,0)
1.5 5 (0.115782,0.13287)
1.5 6 (0.417003,-0.168019)
1.5 7 (0,0)
1.6 0 (-0.371793,0.722237)
1.6 1 (0,0)
1.6 2 (0,0)
1.6 3 (-0.244973,0.339803)
1.6 4 (0,0)
1.6 5 (0.0181351,0.230053)
1.6 6 (0.333758,-0.00435662)
1.6 7 (0,0)
1.7 0 (-0.801539,0.176277)
1.7 1 (0,0)
1.7 2 (0,0)
1.7 3 (-0.451512,0.0639048)
1.7 4 (0,0)
1.7 5 (-0.10337,0.231989)
1.7 6 (0.229682,0.0354577)
1.7 7 (0,0)
1.8 0 (-0.639617,-0.507407)
1.8 1 (0,0)
1.8 2 (0,0)
1.8 3 (-0.391492,-0.282229)
1.8 4 (0,0)
1.8 5 (-0.178624,0.171224)
1.8 6 (0.197825,0.0122272)
1.8 7 (0,0)
1.9 0 (0.00218289,-0.810174)
1.9 1 (0,0)
1.9 2 (0,0)
1.9 3 (-0.105986,-0.473643)
1.9 4 (0,0)
1.9 5 (-0.197764,0.112281)
1.9 6 (0.235884,0.0261552)
1.9 7 (0,0)
2 0 (0.645948,-0.496175)
2 1 (0,0)
2 2 (0,0)
2 3 (0.206799,-0.40177)
2 4 (0,0)
2 5 (-0.205785,0.0890359)
2 6 (0.259025,0.122507)
2 7 (0,0)
2.1 0 (0.80848,0.207175)
2.1 1 (0,0)
2.1 2 (0,0)
2.1 3 (0.342767,-0.151896)
2.1 4 (0,0)
2.1 5 (-0.249425,0.0750714)
2.1 6 (0.182983,0.248085)
2.1 7 (0,0)
2.2 0 (0.366223,0.780929)
2.2 1 (0,0)
2.2 2 (0,0)
2.2 3 (0.245354,0.0680312)
2.2 4 (0,0)
2.2 5 (-0.323343,0.0114492)
2.2 6 (0.00786566,0.294042)
2.2 7 (0,0)
2.3 0 (-0.353968,0.806772)
2.3 1 (0,0)
2.3 2 (0,0)
2.3 3 (0.0433116,0.0914387)
2.3 4 (0,0)
2.3 5 (-0.363068,-0.131545)
2.3 6 (-0.167536,0.19078)
2.3 7 (0,0)
2.4 0 (-0.82596,0.279799)
2.4 1 (0,0)
2.4 2 (0,0)
2.4 3 (-0.0554973,-0.0770884)
2.4 4 (0,0)
2.4 5 (-0.294069,-0.311263)
2.4 6 (-0.215933,-0.0221883)
2.4 7 (0,0)
2.5 0 (-0.72343,-0.395761)
2.5 1 (0,0)
2.5 2 (0,0)
2.5 3 (0.0685463,-0.26657)
2.5 4 (0,0)
2.5 5 (-0.0997386,-0.427797)
2.5 6 (-0.0833095,-0.210629)
2.5 7 (0,0)
2.6 0 (-0.16109,-0.721453)
2.6 1 (0,0)
2.6 2 (0,0)
2.6 3 (0.348235,-0.275169)
2.6 4 (0,0)
2.6 5 (0.147105,-0.391424)
2.6 6 (0.158016,-0.238219)
2.6 7 (0,0)
2.7 0 (0.404575,-0.485923)
2.7 1 (0,0)
2.7 2 (0,0)
2.7 3 (0.576548,-0.0316655)
2.7 4 (0,0)
2.7 5 (0.319143,-0.193663)
2.7 6 (0.350202,-0.069206)
2.7 7 (0,0)
2.8 0 (0.534966,0.0805325)
2.8 1 (0,0)
2.8 2 (0,0)
2.8 3 (0.56372,0.342207)
2.8 4 (0,0)
2.8 5 (0.315585,0.073134)
2.8 6 (0.358363,0.197668)
2.8 7 (0,0)
2.9 0 (0.149742,0.494771)
2.9 1 (0,0)
2.9 2 (0,0)
2.9 3 (0.283864,0.617453)
2.9 4 (0,0)
2.9 5 (0.132321,0.266621)
2.9 6 (0.167653,0.392746)
2.9 7 (0,0)
3 0 (-0.415042,0.404012)
3 1 (0,0)
3 2 (0,0)
3 3 (-0.10164,0.626608)
3 4 (0,0)
3 5 (-0.130357,0.282829)
3 6 (-0.103561,0.39222)
3 7 (0,0)
3.1 0 (-0.674535,-0.134915)
3.1 1 (0,0)
3.1 2 (0,0)
3.1 3 (-0.362253,0.386811)
3.1 4 (0,0)
3.1 5 (-0.329664,0.120659)
3.1 6 (-0.285294,0.203275)
3.1 7 (0,0)
3.2 0 (-0.379634,-0.697292)
3.2 1 (0,0)
3.2 2 (0,0)
3.2 3 (-0.367698,0.0834186)
3.2 4 (0,0)
3.2 5 (-0.368918,-0.122193)
3.2 6 (-0.272998,-0.0440725)
3.2 7 (0,0)
3.3 0 (0.28081,-0.821254)
3.3 1 (0,0)
3.3 2 (0,0)
3.3 3 (-0.179503,-0.0725372)
3.3 4 (0,0)
3.3 5 (-0.251271,-0.317116)
3.3 6 (-0.0950599,-0.190967)
3.3 7 (0,0)
3.4 0 (0.818467,-0.371483)
3.4 1 (0,0)
3.4 2 (0,0)
3.4 3 (0.00436283,-0.00326659)
3.4 4 (0,0)
3.4 5 (-0.0637593,-0.38627)
3.4 6 (0.116223,-0.159077)
3.4 7 (0,0)
3.5 0 (0.819534,0.346574)
3.5 1 (0,0)
3.5 2 (0,0)
3.5 3 (0.00775191,0.182162)
3.5 4 (0,0)
3.5 5 (0.0917968,-0.340649)
3.5 6 (0.224765,0.00436936)
3.5 7 (0,0)
3.6 0 (0.266444,0.812551)
3.6 1 (0,0)
3.6 2 (0,0)
3.6 3 (-0.185183,0.279567)
3.6 4 (0,0)
3.6 5 (0.167236,-0.252147)
3.6 6 (0.184821,0.174966)
3.6 7 (0,0)
3.7 0 (-0.441539,0.685511)
3.7 1 (0,0)
3.7 2 (0,0)
3.7 3 (-0.418068,0.154735)
3.7 4 (0,0)
3.7 5 (0.186442,-0.187233)
3.7 6 (0.0598562,0.250988)
3.7 7 (0,0)
3.8 0 (-0.78673,0.0646849)
3.8 1 (0,0)
3.8 2 (0,0)
3.8 3 (-0.485658,-0.146437)
3.8 4 (0,0)
3.8 5 (0.205572,-0.156591)
3.8 6 (-0.0429568,0.225695)
3.8 7 (0,0)
3.9 0 (-0.523291,-0.583813)
3.9 1 (0,0)
3.9 2 (0,0)
3.9 3 (-0.296685,-0.428246)
3.9 4 (0,0)
3.9 5 (0.252583,-0.118916)
3.9 6 (-0.0664097,0.177663)
3.9 7 (0,0)
4 0 (0.13866,-0.778937)
4 1 (0,0)
4 2 (0,0)
4 3 (0.0499904,-0.492879)
4 4 (0,0)
4 5 (0.297944,-0.0317658)
4 6 (-0.0487625,0.190902)
4 7 (0,0)
4.1 0 (0.695204,-0.386686)
4.1 1 (0,0)
4.1 2 (0,0)
4.1 3 (0.335237,-0.291811)
4.1 4 (0,0)
4.1 5 (0.28121,0.0960792)
4.1 6 (-0.0848749,0.272239)
4.1 7 (0,0)
4.2 0 (0.732171,0.283634)
4.2 1 (0,0)
4.2 2 (0,0)
4.2 3 (0.382285,0.0357463)
4.2 4 (0,0)
4.2 5 (0.171288,0.197452)
4.2 6 (-0.235162,0.335306)
4.2 7 (0,0)
4.3 0 (0.236509,0.72039)
4.3 1 (0,0)
4.3 2 (0,0)
4.3 3 (0.187441,0.267055)
4.3 4 (0,0)
4.3 5 (0.00908244,0.194732)
4.3 6 (-0.457497,0.267103)
4.3 7 (0,0)
4.4 0 (-0.401248,0.601257)
4.4 1 (0,0)
4.4 2 (0,0)
4.4 3 (-0.0811706,0.262728)
4.4 4 (0,0)
4.4 5 (-0.10676,0.066903)
4.4 6 (-0.620733,0.0263036)
4.4 7 (0,0)
4.5 0 (-0.69216,0.0349495)
4.5 1 (0,0)
4.5 2 (0,0)
4.5 3 (-0.215349,0.0682772)
4.5 4 (0,0)
4.5 5 (-0.0858915,-0.11864)
4.5 6 (-0.594953,-0.305342)
4.5 7 (0,0)
4.6 0 (-0.424853,-0.530337)
4.6 1 (0,0)
4.6 2 (0,0)
4.6 3 (-0.127258,-0.127169)
4.6 4 (0,0)
4.6 5 (0.0833785,-0.239528)
4.6 6 (-0.35214,-0.563514)
4.6 7 (0,0)
4.7 0 (0.177055,-0.657925)
4.7 1 (0,0)
4.7 2 (0,0)
4.7 3 (0.0849725,-0.142367)
4.7 4 (0,0)
4.7 5 (0.313785,-0.19781)
4.7 6 (0.00039687,-0.608858)
4.7 7 (0,0)
4.8 0 (0.635095,-0.260309)
4.8 1 (0,0)
4.8 2 (0,0)
4.8 3 (0.216697,0.0516534)
4.8 4 (0,0)
4.8 5 (0.468238,0.0105133)
4.8 6 (0.283017,-0.424042)
4.8 7 (0,0)
4.9 0 (0.591749,0.337218)
4.9 1 (0,0)
4.9 2 (0,0)
4.9 3 (0.119604,0.305987)
4.9 4 (0,0)
4.9 5 (0.446668,0.286946)
4.9 6 (0.360371,-0.128317)
4.9 7 (0,0)
5 0 (0.0896171,0.6546)
5 1 (0,0)
5 2 (0,0)
5 3 (-0.177926,0.40705)
5 4 (0,0)
5 5 (0.250194,0.490908)
5 6 (0.228147,0.102376)
5 7 (0,0)
5.1 0 (-0.462532,0.435341)
5.1 1 (0,0)
5.1 2 (0,0)
5.1 3 (-0.486148,0.241628)
5.1 4 (0,0)
5.1 5 (-0.0220255,0.527354)
5.1 6 (0.00803562,0.152204)
5.1 7 (0,0)
5.2 0 (-0.610426,-0.149185)
5.2 1 (0,0)
5.2 2 (0,0)
5.2 3 (-0.593739,-0.113115)
5.2 4 (0,0)
5.2 5 (-0.239517,0.400865)
5.2 6 (-0.1432,0.035167)
5.2 7 (0,0)
5.3 0 (-0.212991,-0.62899)
5.3 1 (0,0)
5.3 2 (0,0)
5.3 3 (-0.425205,-0.443903)
5.3 4 (0,0)
5.3 5 (-0.322004,0.201)
5.3 6 (-0.142113,-0.1299)
5.3 7 (0,0)
5.4 0 (0.439666,-0.59974)
5.4 1 (0,0)
5.4 2 (0,0)
5.4 3 (-0.0956825,-0.558399)
5.4 4 (0,0)
5.4 5 (-0.278778,0.0341973)
5.4 6 (-0.0255387,-0.215645)
5.4 7 (0,0)
5.5 0 (0.842494,-0.0411314)
5.5 1 (0,0)
5.5 2 (0,0)
5.5 3 (0.178154,-0.424897)
5.5 4 (0,0)
5.5 5 (-0.182746,-0.0451795)
5.5 6 (0.0940063,-0.178779)
5.5 7 (0,0)
5.6 0 (0.661544,0.657401)
5.6 1 (0,0)
5.6 2 (0,0)
5.6 3 (0.241955,-0.18841)
5.6 4 (0,0)
5.6 5 (-0.105292,-0.0553945)
5.6 6 (0.124706,-0.0802254)
5.6 7 (0,0)
5.7 0 (-0.00628436,0.985901)
5.7 1 (0,0)
5.7 2 (0,0)
5.7 3 (0.116336,-0.0522821)
5.7 4 (0,0)
5.7 5 (-0.0651627,-0.0502889)
5.7 6 (0.0664346,-0.022417)
5.7 7 (0,0)
5.8 0 (-0.699996,0.698209)
5.8 1 (0,0)
5.8 2 (0,0)
5.8 3 (-0.0274884,-0.117798)
5.8 4 (0,0)
5.8 5 (-0.0296589,-0.060412)
5.8 6 (0.00209725,-0.0578314)
5.8 7 (0,0)
5.9 0 (-0.938013,-0.00198004)
5.9 1 (0,0)
5.9 2 (0,0)
5.9 3 (-0.00888436,-0.305976)
5.9 4 (0,0)
5.9 5 (0.0376183,-0.0631831)
5.9 6 (0.0195794,-0.143656)
5.9 7 (0,0)
6 0 (-0.576932,-0.615104)
6 1 (0,0)
6 2 (0,0)
6 3 (0.214491,-0.421721)
6 4 (0,0)
6 5 (0.126325,-0.00705462)
6 6 (0.129798,-0.179127)
6 7 (0,0)
6.1 0 (0.0871905,-0.721575)
6.1 1 (0,0)
6.1 2 (0,0)
6.1 3 (0.50744,-0.31024)
6.1 4 (0,0)
6.1 5 (0.172083,0.131078)
6.1 6 (0.249291,-0.0950968)
6.1 7 (0,0)
6.2 0 (0.550089,-0.292446)
6.2 1 (0,0)
6.2 2 (0,0)
6.2 3 (0.657468,0.015757)
6.2 4 (0,0)
6.2 5 (0.102673,0.305002)
6.2 6 (0.264177,0.0775117)
6.2 7 (0,0)
6.3 0 (0.483863,0.300553)
6.3 1 (0,0)
6.3 2 (0,0)
6.3 3 (0.537659,0.377159)
6.3 4 (0,0)
6.3 5 (-0.0968758,0.413526)
6.3 6 (0.126635,0.218614)
6.3 7 (0,0)
6.4 0 (-0.0199982,0.579488)
6.4 1 (0,0)
6.4 2 (0,0)
6.4 3 (0.206725,0.558109)
6.4 4 (0,0)
6.4 5 (-0.353467,0.365569)
6.4 6 (-0.0931534,0.205706)
6.4 7 (0,0)
6.5 0 (-0.533042,0.330025)
6.5 1 (0,0)
6.5 2 (0,0)
6.5 3 (-0.13116,0.465392)
6.5 4 (0,0)
6.5 5 (-0.539192,0.149747)
6.5 6 (-0.244657,0.012193)
6.5 7 (0,0)
6.6 0 (-0.63023,-0.238283)
6.6 1 (0,0)
6.6 2 (0,0)
6.6 3 (-0.276489,0.195704)
6.6 4 (0,0)
6.6 5 (-0.550216,-0.1451)
6.6 6 (-0.20097,-0.259046)
6.6 7 (0,0)
6.7 0 (-0.222971,-0.662461)
6.7 1 (0,0)
6.7 2 (0,0)
6.7 3 (-0.179917,-0.0403699)
6.7 4 (0,0)
6.7 5 (-0.3766,-0.378104)
6.7 6 (0.0463801,-0.436449)
6.7 7 (0,0)
6.8 0 (0.372898,-0.592565)
6.8 1 (0,0)
6.8 2 (0,0)
6.8 3 (0.0276811,-0.0789728)
6.8 4 (0,0)
6.8 5 (-0.112252,-0.44267)
6.8 6 (0.372966,-0.393891)
6.8 7 (0,0)
6.9 0 (0.685611,-0.0686087)
6.9 1 (0,0)
6.9 2 (0,0)
6.9 3 (0.142539,0.0750832)
6.9 4 (0,0)
6.9 5 (0.103658,-0.331477)
6.9 6 (0.60007,-0.136271)
6.9 7 (0,0)
7 0 (0.45859,0.507324)
7 1 (0,0)
7 2 (0,0)
7 3 (0.0492234,0.258071)
7 4 (0,0)
7 5 (0.173441,-0.13547)
7 6 (0.610607,0.204987)
7 7 (0,0)
7.1 0 (-0.144501,0.682575)
7.1 1 (0,0)
7.1 2 (0,0)
7.1 3 (-0.188708,0.280191)
7.1 4 (0,0)
7.1 5 (0.0958526,0.0204957)
7.1 6 (0.419605,0.461972)
7.1 7 (0,0)
7.2 0 (-0.661051,0.307874)
7.2 1 (0,0)
7.2 2 (0,0)
7.2 3 (-0.378215,0.0782601)
7.2 4 (0,0)
7.2 5 (-0.0462584,0.0580565)
7.2 6 (0.15121,0.539146)
7.2 7 (0,0)
7.3 0 (-0.68498,-0.340927)
7.3 1 (0,0)
7.3 2 (0,0)
7.3 3 (-0.347858,-0.229927)
7.3 4 (0,0)
7.3 5 (-0.151744,-0.014504)
7.3 6 (-0.0561649,0.462935)
7.3 7 (0,0)
7.4 0 (-0.182631,-0.76942)
7.4 1 (0,0)
7.4 2 (0,0)
7.4 3 (-0.0836898,-0.43171)
7.4 4 (0,0)
7.4 5 (-0.169209,-0.126147)
7.4 6 (-0.143306,0.340852)
7.4 7 (0,0)
7.5 0 (0.475283,-0.642388)
7.5 1 (0,0)
7.5 2 (0,0)
7.5 3 (0.254976,-0.380008)
7.5 4 (0,0)
7.5 5 (-0.118499,-0.206428)
7.5 6 (-0.153927,0.267725)
7.5 7 (0,0)
7.6 0 (0.792281,-0.0430131)
7.6 1 (0,0)
7.6 2 (0,0)
7.6 3 (0.452254,-0.104847)
7.6 4 (0,0)
7.6 5 (-0.0554955,-0.236387)
7.6 6 (-0.176747,0.254393)
7.6 7 (0,0)
7.7 0 (0.523122,0.586046)
7.7 1 (0,0)
7.7 2 (0,0)
7.7 3 (0.395331,0.209496)
7.7 4 (0,0)
7.7 5 (-0.014428,-0.248774)
7.7 6 (-0.257532,0.233022)
7.7 7 (0,0)
7.8 0 (-0.138847,0.775708)
7.8 1 (0,0)
7.8 2 (0,0)
7.8 3 (0.154835,0.363721)
7.8 4 (0,0)
7.8 5 (0.0225212,-0.282233)
7.8 6 (-0.354279,0.130597)
7.8 7 (0,0)
7.9 0 (-0.707046,0.38377)
7.9 1 (0,0)
7.9 2 (0,0)
7.9 3 (-0.074963,0.291859)
7.9 4 (0,0)
7.9 5 (0.103121,-0.331692)
7.9 6 (-0.372284,-0.0525065)
7.9 7 (0,0)
8 0 (-0.768256,-0.300495)
8 1 (0,0)
8 2 (0,0)
8 3 (-0.129031,0.104976)
8 4 (0,0)
8 5 (0.249879,-0.339992)
8 6 (-0.25049,-0.225917)
8 7 (0,0)
8.1 0 (-0.290544,-0.778503)
8.1 1 (0,0)
8.1 2 (0,0)
8.1 3 (0.000943834,-0.00244558)
8.1 4 (0,0)
8.1 5 (0.419977,-0.241632)
8.1 6 (-0.0278841,-0.271968)
8.1 7 (0,0)
8.2 0 (0.36098,-0.719559)
8.2 1 (0,0)
8.2 2 (0,0)
8.2 3 (0.162864,0.089875)
8.2 4 (0,0)
8.2 5 (0.518492,-0.0255207)
8.2 6 (0.167472,-0.140691)
8.2 7 (0,0)
8.3 0 (0.709159,-0.204281)
8.3 1 (0,0)
8.3 2 (0,0)
8.3 3 (0.166848,0.328951)
8.3 4 (0,0)
8.3 5 (0.461181,0.235095)
8.3 6 (0.204184,0.0983212)
8.3 7 (0,0)
8.4 0 (0.529131,0.34958)
8.4 1 (0,0)
8.4 2 (0,0)
8.4 3 (-0.0609699,0.525212)
8.4 4 (0,0)
8.4 5 (0.242053,0.415046)
8.4 6 (0.04562,0.292087)
8.4 7 (0,0)
8.5 0 (0.0119719,0.517659)
8.5 1 (0,0)
8.5 2 (0,0)
8.5 3 (-0.412817,0.497289)
8.5 4 (0,0)
8.5 5 (-0.0467832,0.414508)
8.5 6 (-0.214849,0.306605)
8.5 7 (0,0)
8.6 0 (-0.395485,0.198206)
8.6 1 (0,0)
8.6 2 (0,0)
8.6 3 (-0.673433,0.213689)
8.6 4 (0,0)
8.6 5 (-0.262768,0.227702)
8.6 6 (-0.411595,0.121762)
8.6 7 (0,0)
8.7 0 (-0.347214,-0.314364)
8.7 1 (0,0)
8.7 2 (0,0)
8.7 3 (-0.678044,-0.177741)
8.7 4 (0,0)
8.7 5 (-0.298452,-0.047125)
8.7 6 (-0.418303,-0.151693)
8.7 7 (0,0)
8.8 0 (0.127374,-0.566677)
8.8 1 (0,0)
8.8 2 (0,0)
8.8 3 (-0.433719,-0.455708)
8.8 4 (0,0)
8.8 5 (-0.146641,-0.26566)
8.8 6 (-0.23331,-0.346928)
8.8 7 (0,0)
8.9 0 (0.644387,-0.308481)
8.9 1 (0,0)
8.9 2 (0,0)
8.9 3 (-0.111727,-0.486156)
8.9 4 (0,0)
8.9 5 (0.0994438,-0.324198)
8.9 6 (0.0225545,-0.353938)
8.9 7 (0,0)
9 0 (0.765927,0.30288)
9 1 (0,0)
9 2 (0,0)
9 3 (0.0826077,-0.315471)
9 4 (0,0)
9 5 (0.309333,-0.215949)
9 6 (0.192513,-0.18945)
9 7 (0,0)
9.1 0 (0.346986,0.816009)
9.1 1 (0,0)
9.1 2 (0,0)
9.1 3 (0.0624779,-0.126175)
9.1 4 (0,0)
9.1 5 (0.395821,-0.0210482)
9.1 6 (0.190257,0.0243153)
9.1 7 (0,0)
9.2 0 (-0.341112,0.831179)
9.2 1 (0,0)
9.2 2 (0,0)
9.2 3 (-0.0819367,-0.0907029)
9.2 4 (0,0)
9.2 5 (0.357132,0.157215)
9.2 6 (0.0493649,0.152137)
9.2 7 (0,0)
9.3 0 (-0.808811,0.312099)
9.3 1 (0,0)
9.3 2 (0,0)
9.3 3 (-0.16256,-0.236705)
9.3 4 (0,0)
9.3 5 (0.256211,0.260247)
9.3 6 (-0.116042,0.138296)
9.3 7 (0,0)
9.4 0 (-0.718028,-0.377634)
9.4 1 (0,0)
9.4 2 (0,0)
9.4 3 (-0.0474873,-0.42759)
9.4 4 (0,0)
9.4 5 (0.160019,0.297671)
9.4 6 (-0.203803,0.0314733)
9.4 7 (0,0)
9.5 0 (-0.140529,-0.74382)
9.5 1 (0,0)
9.5 2 (0,0)
9.5 3 (0.229952,-0.472542)
9.5 4 (0,0)
9.5 5 (0.0892958,0.315371)
9.5 6 (-0.195774,-0.0710525)
9.5 7 (0,0)
9.6 0 (0.493608,-0.532295)
9.6 1 (0,0)
9.6 2 (0,0)
9.6 3 (0.49187,-0.280207)
9.6 4 (0,0)
9.6 5 (0.0167417,0.340496)
9.6 6 (-0.15539,-0.110441)
9.6 7 (0,0)
9.7 0 (0.718946,0.0815773)
9.7 1 (0,0)
9.7 2 (0,0)
9.7 3 (0.550497,0.06338)
9.7 4 (0,0)
9.7 5 (-0.0898314,0.351825)
9.7 6 (-0.157502,-0.112879)
9.7 7 (0,0)
9.8 0 (0.383088,0.628572)
9.8 1 (0,0)
9.8 2 (0,0)
9.8 3 (0.353032,0.353472)
9.8 4 (0,0)
9.8 5 (-0.219904,0.300712)
9.8 6 (-0.211244,-0.158611)
9.8 7 (0,0)
9.9 0 (-0.244292,0.70186)
9.9 1 (0,0)
9.9 2 (0,0)
9.9 3 (0.0248764,0.417375)
9.9 4 (0,0)
9.9 5 (-0.312184,0.164488)
9.9 6 (-0.241716,-0.299918)
9.9 7 (0,0)
10 0 (-0.682732,0.261543)
10 1 (0,0)
10 2 (0,0)
10 3 (-0.222332,0.241789)
10 4 (0,0)
10 5 (-0.297258,-0.014417)
10 6 (-0.148569,-0.496926)
10 7 (0,0)
10.1 0 (-0.608597,-0.343545)
10.1 1 (0,0)
10.1 2 (0,0)
10.1 3 (-0.247485,-0.020737)
10.1 4 (0,0)
10.1 5 (-0.159172,-0.141112)
10.1 6 (0.10327,-0.62769)
10.1 7 (0,0)
