0 1 -0.822252
0 2 -0.156022
0 3 -0.0641702
0 4 -0.0347787
0 5 -0.021777
0 6 -0.0148995
0 7 -0.0104773
0 8 -0.00580498
0 9 0.000230663
0 10 0.00758214
0 11 0.0161546
0 12 0.025891
0 13 0.0367548
0 14 0.0487207
0 15 0.0617702
0 16 0.0758893
0 17 0.0910671
0 18 0.107295
0 19 0.124566
0 20 0.142875
0 21 0.162218
0 22 0.182591
0 23 0.203995
0 24 0.22643
0 25 0.249903
0 26 0.27443
0 27 0.30004
0 28 0.326794
0 29 0.354797
0 30 0.384232
0 31 0.41539
0 32 0.448662
0 33 0.484326
0 34 0.521657
0 35 0.557699
0 36 0.5909
0 37 0.621269
0 38 1.04613
0 39 1.19117
0 40 3.73187
1 1 -0.125428
1 2 -0.0557102
1 3 -0.0313213
1 4 -0.0200388
1 5 -0.0138958
1 6 -0.00967491
1 7 -0.0048728
1 8 0.00128797
1 9 0.00872203
1 10 0.0173442
1 11 0.0271033
1 12 0.0379663
1 13 0.0499101
1 14 0.062918
1 15 0.0769774
1 16 0.0920785
1 17 0.108214
1 18 0.125376
1 19 0.143562
1 20 0.162767
1 21 0.182989
1 22 0.204225
1 23 0.226479
1 24 0.249755
1 25 0.274067
1 26 0.299444
1 27 0.32594
1 28 0.35365
1 29 0.382741
1 30 0.413467
1 31 0.446155
1 32 0.481031
1 33 0.517673
1 34 0.554608
1 35 0.590287
1 36 0.621431
1 37 1.04623
1 38 1.04908
1 39 3.73198
1 40 11.2923
