0 1 4.6274
0 2 1.14136
0 3 0.504912
0 4 0.283349
0 5 0.181088
0 6 0.125638
0 7 0.0922371
0 8 0.0700002
0 9 0.0496334
0 10 0.0242677
0 11 -0.0067892
0 12 -0.0430616
0 13 -0.084234
0 14 -0.130106
0 15 -0.180542
0 16 -0.235442
0 17 -0.294731
0 18 -0.358351
0 19 -0.426256
0 20 -0.498406
0 21 -0.574771
0 22 -0.655323
0 23 -0.740041
0 24 -0.828904
0 25 -0.921895
0 26 -1.019
0 27 -1.12021
0 28 -1.2255
0 29 -1.33488
0 30 -1.44833
0 31 -1.56584
0 32 -1.68741
0 33 -1.81303
0 34 -1.94271
0 35 -2.07644
0 36 -2.21423
0 37 -2.35609
0 38 -2.50206
0 39 -2.65216
0 40 -2.80646
0 41 -2.96507
0 42 -3.12814
0 43 -3.2959
0 44 -3.46871
0 45 -3.64708
0 46 -3.83173
0 47 -4.02367
0 48 -4.22424
0 49 -4.4351
0 50 -4.65799
0 51 -4.89416
0 52 -5.14278
0 53 -5.39778
0 54 -5.64138
0 55 -5.82687
0 56 -5.94832
0 57 -6.0881
0 58 -10.1603
0 59 -17.8679
0 60 -35.5677
1 1 1.12517
1 2 0.500121
1 3 0.28133
1 4 0.180056
1 5 0.125041
1 6 0.0918616
1 7 0.0697804
1 8 0.0496687
1 9 0.0246626
1 10 -0.00597212
1 11 -0.0417657
1 12 -0.0824051
1 13 -0.127692
1 14 -0.177492
1 15 -0.231707
1 16 -0.290264
1 17 -0.353106
1 18 -0.420189
1 19 -0.491475
1 20 -0.566934
1 21 -0.646541
1 22 -0.730275
1 23 -0.818117
1 24 -0.910052
1 25 -1.00607
1 26 -1.10615
1 27 -1.21029
1 28 -1.31848
1 29 -1.43071
1 30 -1.54697
1 31 -1.66727
1 32 -1.79159
1 33 -1.91994
1 34 -2.05231
1 35 -2.18872
1 36 -2.32918
1 37 -2.4737
1 38 -2.62233
1 39 -2.77513
1 40 -2.93218
1 41 -3.09362
1 42 -3.25967
1 43 -3.43061
1 44 -3.60688
1 45 -3.78907
1 46 -3.97795
1 47 -4.17451
1 48 -4.37981
1 49 -4.59473
1 50 -4.8192
1 51 -5.05105
1 52 -5.28523
1 53 -5.51557
1 54 -5.73595
1 55 -5.93308
1 56 -6.08852
1 57 -10.1607
1 58 -10.5383
1 59 -35.5681
1 60 -119.11
