0 1 0.721277
0 2 2.81051
0 3 5.64129
0 4 9.62032
0 5 14.8177
0 6 21.2022
0 7 28.7116
0 8 35.7567
0 9 38.3548
0 10 37.9873
0 11 37.3348
0 12 36.8609
0 13 36.5539
0 14 36.3643
0 15 36.2514
0 16 36.1866
0 17 36.1513
0 18 36.1336
0 19 36.1261
0 20 36.1238
0 21 36.1238
0 22 36.1243
0 23 36.1241
0 24 36.1228
0 25 36.12
0 26 36.1157
0 27 36.1103
0 28 36.1042
0 29 36.0977
0 30 36.0916
0 31 36.0864
0 32 36.0827
0 33 36.081
0 34 36.082
0 35 36.0858
0 36 36.0929
0 37 36.1031
0 38 36.1164
0 39 36.1326
0 40 36.151
0 41 36.1713
0 42 36.1926
0 43 36.2141
0 44 36.2349
0 45 36.2536
0 46 36.268
0 47 36.2745
0 48 36.2669
0 49 36.2366
0 50 36.1735
0 51 36.0707
0 52 35.9331
0 53 35.7921
0 54 35.7496
0 55 35.8174
0 56 34.8786
0 57 40.9043
0 58 48.9498
0 59 4.49432
0 60 49.7402
1 1 2.54339
1 2 5.42334
1 3 9.39634
1 4 14.6053
1 5 21.0045
1 6 28.5323
1 7 35.6402
1 8 38.3261
1 9 37.9865
1 10 37.3363
1 11 36.8605
1 12 36.5511
1 13 36.3594
1 14 36.2449
1 15 36.1792
1 16 36.1435
1 17 36.1257
1 18 36.1183
1 19 36.1164
1 20 36.1169
1 21 36.1179
1 22 36.1184
1 23 36.1176
1 24 36.1153
1 25 36.1116
1 26 36.1067
1 27 36.1009
1 28 36.0947
1 29 36.0888
1 30 36.0836
1 31 36.0798
1 32 36.078
1 33 36.0787
1 34 36.0822
1 35 36.0888
1 36 36.0986
1 37 36.1115
1 38 36.1273
1 39 36.1455
1 40 36.1655
1 41 36.1868
1 42 36.2084
1 43 36.2296
1 44 36.2492
1 45 36.2652
1 46 36.2745
1 47 36.272
1 48 36.25
1 49 36.1994
1 50 36.113
1 51 35.9898
1 52 35.8348
1 53 35.6508
1 54 35.4472
1 55 35.3434
1 56 40.93
1 57 48.9498
1 58 5.02382
1 59 49.7402
1 60 3.76394
